797287
460645
372691
873206
728432
604044
410538
872624
505835
363334
690756
560382
77666
834156
467211
815505
305306
365420
943881
546761
107578
330244
972477
869928
592955
587267
18274
544791
19221
341290
264251
168597
482199
188248
498136
955630
314890
885395
655591
571802
467125
883980
526074
522643
515587
410224
716849
465376
265471
62186
714103
497382
127797
806875
206548
101393
923334
605758
166135
952156
955102
441595
181768
827210
333107
820743
84371
478957
28233
687847
621952
494014
465635
85687
493709
563789
464276
691780
796246
594254
976992
638137
455660
455828
821651
255131
216403
611636
696456
469137
353763
225209
494220
613890
721799
670798
486055
945602
487360
633935
274777
213458
927796
443218
31239
108164
667467
574586
112987
132684
753597
688370
135011
749406
176523
25197
273970
730618
701857
420927
997270
640106
801714
836271
383818
161322
951209
634804
416293
811156
420210
974812
660477
904088
927295
182113
910092
991441
57168
548916
72485
694806
229671
49076
444076
500139
708069
506822
92564
600525
416208
939488
385492
209782
344157
3456
944497
982093
420677
898821
132781
236906
245253
797178
544890
262740
872706
322052
466420
623478
842435
981754
26102
813128
691459
24045
184949
785078
755687
1248
734436
104349
811026
898133
326937
55915
170401
472035
334570
621572
532014
32412
365382
83789
298114
4463
627374
387253
98284
453581
336293
123508
910138
643441
413583
745818
476329
565989
8385
716913
106003
377188
530870
622897
672666
648278
875731
11120
972349
546038
443614
998540
180565
199690
469970
994588
390799
228478
850495
271853
518007
250632
331616
321463
143602
4454
341648
969480
125868
588692
250601
107253
423032
477663
690585
117000
778678
784192
329391
935087
195977
305815
542658
797694
986080
144516
937090
731786
688455
510586
807537
412202
646559
18906
122669
114499
57250
964371
34714
940422
543874
343870
496794
334446
788779
57274
172033
379066
756547
211025
140055
863110
287366
548738
912588
397089
868618
940355
205122
686518
507576
5253
899357
886161
981151
676514
905512
695833
627779
235497
930732
476328
593148
151504
993991
875515
738407
505666
351688
28017
342394
192294
474109
42366
102011
235578
903430
103392
261431
635486
270788
364170
899172
91056
607612
745632
988354
188401
640532
41483
95148
371633
468815
711307
339807
831942
787
127136
907225
515885
285569
799042
208017
330877
656201
224086
590797
268508
306528
330042
444999
32972
458005
313834
358925
412424
690555
421063
284844
749458
516154
55134
180335
59011
838176
475575
10729
322681
485175
260192
923336
662146
789304
61075
459373
748326
898293
577583
370420
308011
411787
725189
858432
862515
133842
747367
329028
133392
587125
981881
283883
946076
287565
100349
465155
803561
560355
119984
47586
289635
640392
514181
384372
87824
189697
646544
39997
489491
779522
638037
738306
606077
522032
548465
414077
949900
599793
661010
30484
308305
717881
869872
755626
498373
558690
194894
434634
217913
447911
954673
693567
247391
862551
720682
48920
708933
411200
352917
258146
726291
730360
545061
651085
861715
88310
207313
793172
484638
102160
802278
383337
415159
761725
413708
244018
83138
20110
832714
312953
399652
103087
939206
540042
220693
925467
82470
419459
26665
979455
35736
178674
989460
110891
222737
769116
291292
391757
992880
820758
145915
567514
942239
301095
426669
835060
241288
820630
693445
576063
306247
938460
619698
396460
190296
943986
315258
905400
334484
449737
130946
478534
321034
195839
340657
465037
390039
562744
672846
500623
286086
435257
598181
938974
858529
189308
93484
91117
38025
279145
447016
838323
640427
880637
173481
599798
362
515616
573158
701931
760963
300231
562889
648818
559956
978405
470416
16190
316686
208409
377992
936866
928333
841359
80439
510597
818322
310326
556638
49138
565660
197198
874008
157862
507075
290217
263370
798353
793779
543001
93711
289521
487923
643676
481071
435139
607184
539436
154970
221662
485397
801800
419101
941047
886799
963101
76823
210084
331900
294756
446679
248688
44398
898996
756509
470550
5842
977085
943383
347742
353366
914499
558631
27263
606465
139422
321427
800237
849248
106410
944162
531836
921525
84767
973227
30900
166770
980679
508579
953532
347537
550693
118078
552742
513216
629249
385808
858752
444509
300869
458243
377804
242102
980067
710507
456343
194339
168913
349157
609462
920201
703077
54898
466688
426717
553667
265720
770092
366758
163353
266856
337737
161085
377932
898302
628175
183015
84669
406339
249384
83770
104995
258648
587638
864148
234477
197149
588722
131247
722515
20831
852447
4463
104016
473466
578297
443810
536646
67373
346720
214912
479927
873668
643184
740063
224827
361624
721030
626775
750685
680144
15022
688069
275435
53124
14077
906050
347266
464152
690223
907652
51423
9920
367938
356425
62850
301676
572388
566051
966573
349393
869712
513121
558443
817557
815394
768195
199352
139618
427446
31454
793128
560658
588061
788985
296953
244141
892033
833542
571086
163557
298824
501375
220645
668971
506851
583151
525960
344879
709290
844306
565091
788264
322667
646744
491965
505580
515933
970181
431160
293415
789934
638145
398059
234943
902824
611967
832796
249910
163857
456342
110868
75721
486510
612820
511541
416583
860967
719188
121968
776073
155236
260677
471395
119707
567586
418680
747191
409368
49117
972286
437813
993351
42688
177221
397252
589521
129393
633179
331062
343081
622411
731158
226843
524329
584312
938068
597397
390263
944155
398963
375193
704862
942086
678139
228258
234386
637129
969939
374931
182016
317456
604464
311985
51579
23772
131153
960109
638114
821023
629875
307528
937226
9279
197446
240470
798849
856837
440998
691508
557747
243894
424851
712542
547806
254072
102792
948253
276693
895173
463431
821879
170255
545553
992172
735952
378058
130130
25012
506427
466479
43991
985851
532140
67799
36396
892869
916747
219433
975147
846895
963656
64637
382653
251144
17723
173753
986294
373455
904195
714194
86954
653405
845329
70473
817849
242844
194844
231978
194133
663853
609100
456838
626045
298764
320188
735742
998344
761061
556529
942321
836366
644006
371550
701757
348318
950362
495578
642732
50473
409075
918751
207682
572504
966441
217741
320676
187362
73572
976601
185865
179805
87000
339375
237804
907774
88814
1362
844325
628228
333611
247012
298950
95110
259103
240302
594698
390805
777722
772521
750793
173274
440378
418196
654118
887217
87512
645878
234752
780185
925358
192474
807353
915988
144502
597688
241368
885320
369361
723910
802158
427090
96999
760643
957019
614536
353041
65734
559187
161681
992592
600133
793099
396261
189278
968606
158009
676268
572414
739005
165817
550259
581101
676373
423146
251030
178641
498283
58253
302170
838044
441517
528520
386700
662766
454078
752463
10756
872750
638111
324754
882259
24106
129609
549758
233654
97126
731678
283
967102
539971
40395
144828
461514
107575
915055
834705
801099
488179
291978
684825
327941
120115
568129
525623
490955
279123
279940
469145
867693
392775
245721
645206
915200
906817
460696
812819
437607
803538
707885
528578
227215
883159
817597
336785
657108
459635
596927
266723
670681
265821
710268
415400
251299
512277
509013
735853
190005
516977
594584
554073
630922
713002
615815
23546
863906
914902
756411
803051
649403
284027
861880
815492
166356
998687
432454
336918
416154
479422
907585
902029
550605
490506
783175
128128
507781
342708
861877
545268
67587
938144
941641
632196
913277
460043
675038
343608
712286
440847
174591
509633
492083
996474
739541
761191
6031
798133
156962
581208
26960
2878
571317
337522
573771
277771
887416
83113
609343
921752
478338
97487
462966
2605
244377
126570
949671
600224
175161
654937
75341
44068
580828
341809
373300
275338
587833
176583
119504
93540
673270
890582
765234
121920
52750
937027
535900
316715
626644
261502
282145
315741
758640
518760
396535
859952
372519
786118
10563
344040
676403
690406
265563
255382
826835
907560
762515
3216
558732
411174
959958
280857
349686
611713
921104
545881
291195
630418
437729
259151
223876
608152
364920
58748
605817
165287
940398
349040
802107
134817
192965
426391
342767
753667
623794
209335
832560
328683
693136
500145
838487
179263
72886
445469
409352
579943
557631
432123
896022
607351
565335
843676
558018
38238
604474
444771
981582
710738
4156
232929
47517
727971
550910
464398
17054
481393
886740
77296
856183
845922
110516
110990
923294
946867
932233
497659
917142
50516
438869
796716
695670
505881
909081
268827
910310
571758
75948
771364
999867
3566
565612
692607
137936
702712
769413
647194
948139
447507
744072
765446
669595
265203
51896
555075
126704
769458
186442
929509
198167
314567
17614
879892
426356
937566
912468
465604
602479
436853
936156
188366
505435
666582
728816
957602
579088
743593
849642
521336
173744
757652
565217
461677
316253
343060
220578
4932
254335
973650
630530
510499
60713
835987
922304
708918
642622
77103
100025
504963
499140
387967
326624
652736
209045
612881
128
792889
405495
176479
773384
294549
268418
647444
826601
926844
397091
54963
307366
454629
764707
753212
529788
839309
53167
427639
175
983346
393857
564331
586192
540549
381985
655001
886206
354598
698872
436675
891967
187194
73149
502326
998331
823672
373959
34741
618483
290767
789931
638187
686948
717956
244217
340641
266390
173824
61882
832138
80996
753241
576052
678539
359243
868954
508102
675602
102270
2842
729777
938961
177334
416031
257578
405509
955795
238130
38006
330539
842295
756648
65999
215074
146584
962809
632683
869713
808672
380167
301612
487219
858816
575563
987386
306179
636782
993373
114085
844043
758281
451572
317725
813456
993344
136512
402995
513522
728189
784340
535785
222287
751294
40463
456342
323853
113294
88894
855556
414429
415315
322053
153225
937504
949869
636679
565454
583707
527628
563848
117907
613242
827657
132173
996915
258427
300035
926616
785604
621174
303937
127660
611792
133401
742929
860511
932929
670482
786718
442572
162351
589649
197736
109776
679280
472932
471806
469369
756785
176390
54546
237262
749533
360732
551844
358289
844030
785859
199108
459489
143154
581402
295548
886787
922061
26992
928171
589338
717518
602751
383866
635215
887973
70929
472455
110199
405828
322328
612615
498373
157000
224411
689927
644714
723458
941803
713529
784326
407734
768064
736303
778071
725580
656379
957570
367177
523629
636039
299428
617684
835663
597456
295456
337534
358101
688047
953960
121384
135085
820593
734600
194585
869669
882556
258274
783008
865348
706381
714183
828131
419878
590336
745200
333528
12731
777586
485449
744546
67062
729734
768449
644525
617044
703879
710874
30242
616646
634726
517368
585500
993252
843277
360561
452552
621397
899893
19922
562135
402890
396105
68640
837073
726783
957025
776615
675128
816843
627478
255475
727052
232971
499689
297730
487929
838276
370159
245410
902667
837585
546821
360786
678671
220379
615187
775383
71437
517297
726545
129290
815294
751022
577429
883389
948711
35397
982787
596439
983478
647235
213025
907590
175060
332391
170182
179485
659896
103231
578136
245746
746863
186259
878495
812809
892058
337820
546477
178751
821248
140820
635112
426827
948471
321039
42174
508313
961487
349812
441295
487679
352833
578382
637784
256525
51151
648790
771582
510697
321226
718899
282468
965283
962645
279760
784091
669795
849074
442192
921329
472775
801746
952089
437501
518173
257801
579986
443840
900191
407672
101716
799047
26498
280735
501777
31910
687532
281793
236389
457177
501001
635660
663339
197726
852417
318483
1731
532478
850355
823970
363645
125981
212835
724490
143575
276177
512369
735232
319580
899184
2004
435837
184503
351656
478100
217852
501996
580176
325325
125054
105581
486587
484215
81206
879382
841572
788467
905469
541019
457967
658569
476311
443578
704564
961765
202339
605694
563203
408770
71306
631919
652181
592587
312059
846388
463442
65873
702370
350507
565752
294153
292510
233971
979151
795869
924748
933193
955279
202822
257710
196050
3716
348116
694494
43902
806924
505980
818811
24050
117511
924136
281328
394668
135237
326547
629955
636107
272699
716261
944819
53105
941663
21466
32144
52232
53140
769293
891501
797029
65302
850539
400047
674830
284444
808603
660030
982175
123551
582005
888069
869943
731833
804335
773530
388628
433066
598449
399677
111803
377396
911905
554863
527456
365474
24762
537198
373437
490784
415351
524300
7504
186176
423335
342257
953877
173386
181799
930432
68114
266036
871025
42044
814128
424881
407658
645957
656842
72877
947917
631716
161887
791213
386482
645284
791250
38233
447994
998986
414571
52491
134473
534846
795245
293101
265352
997843
252919
826460
469486
932339
774186
673584
236817
976536
223346
728759
427669
269978
962934
211425
898393
740162
397379
979306
254755
557174
140708
290770
252351
79323
285739
466515
457714
757463
422501
190076
770476
332909
152503
177965
690667
106381
850313
262322
972082
545893
609963
757782
931150
366557
296023
84942
889734
190554
792483
486930
459002
546409
24459
444244
345230
733183
516316
549668
103259
135986
234907
18407
825460
381806
835646
177656
282399
188366
186591
365161
140256
34207
26589
345292
533530
959898
150353
450456
689299
276868
800631
500061
416918
102828
38008
218712
913792
339527
674315
260109
316088
73418
223743
65842
267734
970311
943952
955388
928906
950095
289212
853981
717628
763325
148873
397816
469204
888303
323237
870444
288074
525198
703293
79577
809048
11509
686545
402576
997182
954784
941883
388686
209703
333886
647447
393785
836739
123336
608942
448628
838980
732109
616557
109419
103424
469472
156337
523454
192319
507918
704448
454282
808464
819109
451623
159278
232594
238613
616085
772977
493534
265893
473250
123989
290939
427004
762970
560917
78168
298853
162325
950437
176201
552325
120246
866032
514700
686783
865327
436961
323726
326817
104623
763621
847843
660728
845823
6939
313657
837923
925807
183388
699578
754375
370176
724194
998240
505029
314694
7069
861456
489817
791738
237384
847549
777319
982928
90266
923474
19400
480321
184828
280389
654220
349932
530315
603263
880400
500109
197872
10127
419435
705798
517500
550154
133685
65041
351613
602168
655481
440121
8717
951962
340175
909718
45549
126179
807033
552798
996059
179857
666113
562119
323435
863309
469102
52329
391510
435340
147141
848952
489790
696213
613356
325151
997885
893782
579248
41912
958217
284476
564404
168633
336783
434114
306223
279767
862388
988343
607125
273181
307539
687695
977448
360346
470909
669754
469116
973054
958235
325206
819775
45994
483672
396117
500472
385244
92983
998093
183297
279872
165472
975102
996859
861522
401892
974003
792109
359536
166239
567244
200054
175928
111707
732538
61561
364688
48850
977283
242113
991920
866898
121432
951772
14747
873187
252749
760272
590476
23981
690020
947049
329212
137289
294949
709458
640155
430591
655394
334395
6903
264722
53871
651875
509284
306740
606289
572985
768558
521838
402796
456860
830660
250759
640757
664239
949521
756386
61310
471007
777567
769438
312275
827693
438889
911543
128380
964884
72582
581064
725382
61684
182468
562355
398345
892380
858895
74344
667501
10795
736783
603282
859830
693622
758765
66502
305458
707553
777619
393118
433378
754310
512074
418387
718209
431175
16567
108044
473947
263611
766321
376725
272865
96199
137117
817618
842400
680134
237458
473040
859268
591276
558650
82834
311223
770808
527386
559388
320710
861227
843762
31189
509145
121686
949741
380333
35435
338590
924601
228758
990977
382855
828787
687455
541840
40804
224482
804197
346586
248755
343788
12306
965887
753317
705462
274002
147851
278033
731433
273618
543936
739102
433193
4194
49524
986581
651866
165546
607312
913240
241501
625430
412440
21001
644672
83356
641841
406229
469554
766524
164044
54120
968662
355405
394062
573701
210129
858209
859057
708825
484077
928536
796812
604190
682319
365018
962145
44362
234993
460849
351668
342849
13425
635039
608511
410543
351159
979467
429523
57753
878303
719057
4213
482491
957902
548216
133069
99462
252726
788112
871844
428127
431298
547932
844757
329987
684898
507980
999487
42011
493386
553457
848980
753001
741509
418188
388017
844775
679559
382694
65493
857667
392071
365134
673843
339406
699599
623664
68275
122351
557950
991910
792365
707076
816348
965037
570735
490620
624441
726745
153849
670727
178362
544205
227277
166926
902437
714541
542531
492901
639052
640115
406184
473036
602397
445448
752751
538196
275207
544900
198163
962916
325135
69311
57531
653064
501567
689936
412319
203663
849275
773592
245406
637619
281181
748810
705430
23279
667846
312759
871483
218261
882971
239960
401374
585783
979269
196534
241016
133694
487280
479141
502598
527072
340545
738818
993363
205287
8271
671071
165065
627938
542827
17882
564572
352406
428907
931057
439206
171450
562633
623183
409379
309886
630957
144902
204758
202244
995873
915103
662486
698790
17979
310344
996047
842535
240431
330511
652344
711702
753281
729810
611258
55864
969014
410528
605979
461250
407264
696442
137436
519452
324175
898572
960606
525682
81952
268804
666033
643292
344895
313842
399814
107031
692150
891863
101016
456721
678443
514865
833469
718054
51928
873506
231837
251387
230626
993718
49838
321992
314655
834618
539764
422772
464527
552077
7369
319456
122493
45538
128985
778956
642792
375060
230284
833300
643137
31472
530633
487696
932344
348342
