n,time
10,7500
10,29600
10,33500
10,1200
10,900
10,800
10,1400
10,4800
10,1100
10,800
10,1300
10,800
10,800
10,700
10,700
10,700
10,1200
10,700
10,700
10,2900
10,800
10,800
10,700
10,1200
10,800
10,3100
10,700
10,700
10,700
10,700
10,31500
10,1100
10,1300
10,1200
10,26600
10,600
10,600
10,500
10,600
10,500
10,500
10,500
10,500
10,600
10,600
10,600
10,500
10,700
10,600
10,700
10,700
10,600
10,500
10,500
10,600
10,500
10,500
10,500
10,600
10,700
10,600
10,40100
10,700
10,1000
10,800
10,600
10,800
10,700
10,700
10,600
10,600
10,800
10,700
10,800
10,600
10,800
10,700
10,600
10,900
10,600
10,500
10,800
10,600
10,700
10,700
10,700
10,1300
10,900
10,800
10,700
10,600
10,500
10,500
10,600
10,600
10,500
10,600
10,600
10,500
10,600
10,500
10,500
10,500
10,500
10,400
10,400
10,500
10,500
10,600
10,500
10,500
10,400
10,500
10,500
10,500
10,500
10,500
10,400
10,400
10,500
10,500
10,400
10,1200
10,600
10,600
10,700
10,1000
10,800
10,600
10,700
10,700
10,700
10,600
10,700
10,600
10,500
10,600
10,600
10,600
10,600
10,600
10,700
10,700
10,600
10,600
10,500
10,500
10,500
10,400
10,400
10,500
10,700
10,600
10,700
10,500
10,500
10,1000
10,500
10,600
10,700
10,700
10,500
10,500
10,600
10,600
10,600
10,500
10,500
10,600
10,700
10,600
10,700
10,700
10,600
10,500
10,600
10,500
10,500
10,500
10,500
10,500
10,600
10,600
10,700
10,700
10,700
10,700
10,600
10,700
10,700
10,700
10,700
10,900
10,1000
10,800
10,600
10,700
10,600
10,600
10,600
10,800
10,500
10,600
10,700
10,700
10,700
10,700
10,600
10,700
10,700
10,700
10,500
10,500
10,700
10,700
10,800
10,500
10,700
10,600
10,500
10,500
10,500
10,500
10,500
10,500
10,500
10,600
10,500
10,500
10,500
10,500
10,500
10,400
10,700
10,600
10,600
10,600
10,500
10,400
10,400
10,500
10,500
10,500
10,500
10,700
10,600
10,500
10,600
10,600
10,600
10,600
10,600
10,600
10,800
10,600
10,1000
10,900
10,17400
10,700
10,500
10,500
10,500
10,500
10,400
10,500
10,500
10,400
10,500
10,400
10,500
10,500
10,500
10,500
10,500
10,500
10,400
10,500
10,500
10,500
10,500
10,500
10,500
10,500
10,400
10,500
10,500
10,500
10,500
10,500
10,400
10,500
10,500
10,700
10,600
10,500
10,500
10,500
10,500
10,500
10,500
10,500
10,500
10,500
10,400
10,400
10,500
10,400
10,500
10,400
10,500
10,400
10,500
10,500
10,400
10,400
10,600
10,600
10,500
10,600
10,600
10,600
10,600
10,700
10,600
10,600
10,600
10,600
10,500
10,600
10,400
10,500
10,500
10,500
10,500
10,500
10,500
10,500
10,400
10,400
10,500
10,500
10,500
10,500
10,500
10,500
10,500
10,400
10,500
10,400
10,500
10,400
10,400
10,400
10,500
10,800
10,900
10,600
10,600
10,600
10,600
10,600
10,500
10,500
10,600
10,600
10,500
10,700
10,600
10,500
10,600
10,800
10,900
10,600
10,600
10,600
10,600
10,600
10,600
10,600
10,700
10,600
10,600
10,600
10,800
10,900
10,700
10,800
10,700
10,700
10,700
10,600
10,800
10,600
10,600
10,900
10,500
10,500
10,500
10,400
10,500
10,500
10,400
10,400
10,500
10,400
10,700
10,600
10,600
10,700
10,600
10,600
10,600
10,700
10,600
10,600
10,600
10,600
10,600
10,600
10,600
10,600
10,600
10,500
10,500
10,600
10,500
10,600
10,500
10,600
10,500
10,600
10,600
10,500
10,500
10,500
10,600
10,500
10,600
10,600
10,500
10,600
10,600
10,500
10,500
10,600
10,600
10,600
10,500
10,500
10,500
10,600
10,600
10,600
10,500
10,600
10,700
10,500
10,600
10,600
10,900
10,900
10,700
10,700
10,500
10,700
10,500
10,600
10,500
10,700
10,600
10,600
10,600
10,600
10,500
10,600
10,600
10,600
10,600
10,500
10,600
10,600
10,600
10,600
10,600
10,600
10,600
10,600
10,600
10,500
10,600
10,500
10,500
10,400
10,400
10,500
10,500
10,500
10,500
10,500
10,500
10,500
10,400
10,500
10,500
10,400
10,400
10,700
10,700
10,500
10,500
10,800
10,500
10,600
10,800
10,700
10,700
10,800
10,700
10,700
10,600
10,700
10,700
10,600
10,600
10,600
10,500
10,600
10,600
10,500
10,600
10,500
10,500
10,500
10,600
10,600
10,600
10,600
10,600
10,500
10,600
10,500
10,500
10,500
10,600
10,500
10,600
10,600
10,600
10,600
10,600
10,500
10,600
10,600
10,600
10,600
10,600
10,600
10,600
10,500
10,500
10,800
10,500
10,600
10,500
10,500
10,600
10,600
10,600
10,600
10,600
10,500
10,500
10,900
10,700
10,1100
10,600
10,800
10,500
10,500
10,600
10,500
10,600
10,600
10,500
10,500
10,50700
10,600
10,500
10,500
10,600
10,600
10,600
10,800
10,600
10,500
10,600
10,600
10,500
10,500
10,500
10,600
10,500
10,600
10,600
10,600
10,500
10,600
10,600
10,600
10,500
10,600
10,600
10,600
10,600
10,600
10,600
10,500
10,500
10,500
10,500
10,500
10,600
10,600
10,600
10,500
10,500
10,600
10,900
10,600
10,600
10,700
10,600
10,700
10,700
10,400
10,500
10,600
10,500
10,500
10,400
10,400
10,500
10,500
10,500
10,400
10,500
10,400
10,500
10,400
10,500
10,500
10,500
10,400
10,400
10,500
10,500
10,500
10,500
10,600
10,400
10,600
10,500
10,400
10,500
10,400
10,500
10,500
10,500
10,500
10,500
10,500
10,500
10,500
10,500
10,500
10,500
10,900
10,700
10,700
10,600
10,600
10,600
10,600
10,600
10,500
10,500
10,600
10,500
10,400
10,900
10,800
10,700
10,600
10,600
10,600
10,600
10,600
10,600
10,600
10,500
10,600
10,600
10,500
10,600
10,500
10,500
10,600
10,800
10,600
10,500
10,600
10,600
10,900
10,700
10,600
10,700
10,600
10,500
10,500
10,500
10,400
10,600
10,500
10,500
10,500
10,600
10,600
10,400
10,500
10,400
10,500
10,500
10,500
10,500
10,500
10,500
10,500
10,500
10,600
10,700
10,500
10,400
10,800
10,700
10,600
10,700
10,500
10,500
10,500
10,500
10,400
10,500
10,500
10,400
10,400
10,500
10,500
10,500
10,400
10,500
10,500
10,500
10,500
10,500
10,400
10,500
10,500
10,500
10,500
10,400
10,500
10,500
10,400
10,500
10,500
10,500
10,500
10,400
10,500
10,400
10,400
10,400
10,400
10,400
10,500
10,500
10,500
10,400
10,500
10,500
10,400
10,500
10,500
10,400
10,500
10,400
10,500
10,500
10,400
10,500
10,400
10,500
10,500
10,500
10,500
10,400
10,500
10,400
10,500
10,500
10,500
10,400
10,400
10,500
10,400
10,500
10,400
10,400
10,400
10,400
10,400
10,1500
10,600
10,700
10,700
10,700
10,500
10,700
10,500
10,600
10,500
10,500
10,600
10,700
10,400
10,500
10,700
10,500
10,600
10,600
10,500
10,600
10,500
10,600
10,600
10,500
10,500
10,500
10,600
10,600
10,500
10,500
10,600
10,700
10,600
10,600
10,700
10,900
10,500
10,500
10,500
10,700
10,500
10,400
10,500
10,400
10,500
10,600
10,500
10,400
10,600
10,700
10,400
10,600
10,500
10,600
10,500
10,700
10,500
10,700
10,700
10,600
10,900
10,500
10,500
10,500
10,500
10,500
10,500
10,500
10,400
10,500
10,400
10,500
10,500
10,500
10,500
10,500
10,500
10,500
10,500
10,500
10,400
10,500
10,400
10,500
10,500
10,400
10,500
10,400
10,400
10,400
10,500
10,500
10,500
10,500
10,400
10,400
10,500
10,500
10,500
10,500
10,500
10,400
10,400
10,500
10,400
10,400
10,400
10,500
10,400
10,500
10,600
10,400
10,500
10,700
10,500
10,500
10,500
10,500
10,500
10,400
10,500
10,500
10,400
10,400
10,400
10,400
10,500
10,500
10,500
10,500
10,400
10,800
10,700
10,600
10,500
10,500
10,400
10,500
10,500
10,500
10,500
10,400
10,500
10,500
10,500
10,500
10,500
10,500
10,500
10,400
10,500
10,400
10,500
10,400
10,600
10,500
10,500
10,400
10,400
10,500
10,400
10,500
10,400
10,500
10,600
10,600
10,500
10,600
10,600
10,600
10,500
10,500
10,500
10,600
10,500
10,500
10,500
10,500
15,88100
15,41200
15,50000
15,20200
15,22900
15,26900
15,3600
15,2500
15,2600
15,3700
15,3500
15,3300
15,3200
15,3700
15,2600
15,2500
15,3400
15,2500
15,3700
15,2500
15,2400
15,2500
15,3300
15,3700
15,4400
15,3400
15,2400
15,2500
15,2400
15,3900
15,2500
15,4200
15,2500
15,2500
15,4000
15,3600
15,2500
15,4200
15,2500
15,2500
15,6100
15,4100
15,2400
15,4100
15,2500
15,2400
15,2500
15,2500
15,2400
15,2400
15,3900
15,3800
15,3100
15,4400
15,3200
15,3100
15,5000
15,3500
15,3600
15,3000
15,3300
15,36100
15,3700
15,4000
15,4100
15,2600
15,2500
15,2500
15,2500
15,2500
15,2500
15,2500
15,4000
15,2500
15,2400
15,2500
15,4400
15,2400
15,2400
15,2500
15,2500
15,3900
15,3400
15,4200
15,3400
15,3600
15,3600
15,3700
15,3600
15,4300
15,3800
15,3800
15,2600
15,2600
15,2400
15,4200
15,2400
15,3200
15,2600
15,3200
15,3600
15,3400
15,3600
15,3800
15,4100
15,3900
15,3300
15,2500
15,4400
15,2500
15,2400
15,2500
15,2400
15,2400
15,3900
15,2500
15,2500
15,2500
15,3300
15,2500
15,2400
15,2400
15,2400
15,2300
15,2400
15,3700
15,4200
15,3200
15,5900
15,3900
15,3800
15,3800
15,3800
15,3800
15,3400
15,2500
15,2500
15,2500
15,2600
15,2500
15,2500
15,2800
15,2600
15,2500
15,2400
15,2500
15,3700
15,4700
15,3700
15,3700
15,3700
15,2400
15,2400
15,2500
15,2400
15,2500
15,2400
15,4300
15,3800
15,2600
15,2500
15,2400
15,4200
15,3400
15,2500
15,2500
15,2500
15,2400
15,2500
15,2500
15,2500
15,2400
15,2500
15,2400
15,2500
15,2500
15,2400
15,2400
15,2500
15,2400
15,2500
15,2400
15,2500
15,2500
15,2500
15,2400
15,2400
15,2400
15,2400
15,2400
15,4100
15,2400
15,3600
15,3400
15,3800
15,3200
15,3600
15,3000
15,3400
15,3100
15,3000
15,3600
15,2600
15,3800
15,3800
15,3500
15,3700
15,3400
15,3300
15,3400
15,3500
15,2500
15,2500
15,2500
15,2400
15,2400
15,2500
15,2500
15,2500
15,2500
15,4000
15,2500
15,2500
15,2400
15,2500
15,2400
15,2500
15,5800
15,2500
15,2500
15,2400
15,2500
15,2400
15,2500
15,2400
15,2500
15,3000
15,2500
15,2500
15,2400
15,2500
15,2400
15,2500
15,2700
15,3700
15,3900
15,3800
15,2500
15,3700
15,2500
15,2500
15,3800
15,3800
15,3900
15,3900
15,3900
15,3700
15,3100
15,2600
15,2400
15,2400
15,3600
15,2500
15,2400
15,2500
15,2400
15,2500
15,2500
15,2500
15,2400
15,2500
15,3700
15,2500
15,2400
15,2500
15,2500
15,5600
15,2500
15,2500
15,2500
15,3600
15,2500
15,3800
15,2600
15,2400
15,3800
15,2500
15,2400
15,2500
15,2400
15,3900
15,4400
15,2400
15,3700
15,2500
15,2500
15,2500
15,2500
15,10800
15,2400
15,2500
15,2400
15,2400
15,2400
15,2500
15,2400
15,2500
15,2400
15,2400
15,2600
15,2400
15,3800
15,2500
15,13000
15,3900
15,2500
15,2500
15,2400
15,2400
15,2500
15,4200
15,3600
15,3700
15,3700
15,3800
15,3700
15,3500
15,2500
15,2400
15,2400
15,2600
15,2400
15,2400
15,2400
15,2400
15,2500
15,2500
15,2400
15,2500
15,2500
15,2500
15,2500
15,2400
15,2400
15,2400
15,2400
15,2500
15,2500
15,2400
15,4200
15,4500
15,2500
15,2500
15,2500
15,2400
15,2400
15,2500
15,2400
15,2400
15,2400
15,2500
15,2500
15,2400
15,2400
15,2500
15,2400
15,3900
15,2600
15,4300
15,3400
15,3800
15,2500
15,4300
15,2500
15,2500
15,2500
15,2500
15,3900
15,3800
15,4000
15,3900
15,4000
15,3000
15,3800
15,4400
15,3700
15,4100
15,3800
15,3800
15,20500
15,4000
15,3800
15,2400
15,4000
15,3300
15,3500
15,3300
15,3200
15,2400
15,2400
15,2400
15,2400
15,2400
15,2300
15,2400
15,2300
15,2400
15,2400
15,2300
15,2300
15,2400
15,2300
15,2300
15,2300
15,2300
15,2400
15,2300
15,2400
15,2300
15,2400
15,2400
15,6000
15,3700
15,4100
15,3600
15,2400
15,2300
15,2400
15,2400
15,2400
15,3600
15,2300
15,2400
15,2400
15,2400
15,2400
15,2400
15,2300
15,2300
15,2400
15,2300
15,2400
15,2400
15,2300
15,2400
15,2300
15,2400
15,2400
15,2400
15,4000
15,11200
15,4000
15,3700
15,2600
15,2500
15,2400
15,2800
15,2400
15,2400
15,4100
15,2400
15,2300
15,2500
15,2400
15,3800
15,3800
15,3800
15,3800
15,2400
15,4100
15,3800
15,2400
15,2400
15,2500
15,2400
15,3100
15,3700
15,3400
15,3400
15,4100
15,3500
15,3300
15,2500
15,4000
15,4200
15,2400
15,2400
15,2400
15,4200
15,4400
15,2400
15,2500
15,2400
15,2300
15,2400
15,2300
15,2300
15,2300
15,2300
15,2400
15,2400
15,2300
15,2800
15,2500
15,2400
15,2400
15,2500
15,2400
15,2300
15,2400
15,2300
15,2400
15,4200
15,3700
15,3800
15,3400
15,3600
15,4500
15,3800
15,4100
15,3700
15,4400
15,3400
15,2400
15,2300
15,2400
15,2300
15,2300
15,2400
15,13100
15,2400
15,2300
15,3500
15,2400
15,3900
15,3300
15,4100
15,3900
15,3700
15,3800
15,3800
15,5700
15,3700
15,3800
15,3700
15,3800
15,3600
15,3700
15,3600
15,3600
15,2400
15,4000
15,2400
15,2400
15,2400
15,2500
15,2500
15,4300
15,2400
15,4300
15,2400
15,2300
15,2300
15,2300
15,2400
15,2400
15,5300
15,83400
15,3900
15,4200
15,2400
15,2400
15,3800
15,4200
15,4200
15,2400
15,2300
15,2400
15,2400
15,2300
15,2300
15,5700
15,2400
15,3600
15,2500
15,3900
15,2400
15,4300
15,4200
15,4200
15,4200
15,9100
15,3800
15,3100
15,3500
15,3200
15,4300
15,4200
15,4100
15,2400
15,2300
15,2300
15,2400
15,2400
15,2400
15,2400
15,2300
15,4000
15,2300
15,2400
15,2300
15,2300
15,2300
15,4100
15,4200
15,2500
15,2400
15,2400
15,4100
15,2400
15,2400
15,2300
15,2400
15,2300
15,2300
15,2300
15,2300
15,2300
15,2500
15,2300
15,2400
15,2300
15,2300
15,2400
15,2400
15,4100
15,2900
15,3300
15,3000
15,3800
15,3300
15,3300
15,3300
15,3500
15,2400
15,2400
15,2400
15,2400
15,2300
15,2300
15,2400
15,2400
15,4000
15,3000
15,2400
15,2400
15,2400
15,2400
15,2400
15,3300
15,2800
15,3700
15,2500
15,2400
15,2400
15,3000
15,2300
15,2400
15,2400
15,2400
15,2300
15,2400
15,2400
15,3800
15,2400
15,2400
15,3100
15,4200
15,3900
15,2400
15,2400
15,2300
15,2400
15,3600
15,2400
15,2300
15,3900
15,2400
15,2300
15,2300
15,3900
15,2400
15,2400
15,2400
15,4100
15,4200
15,2500
15,2400
15,2400
15,2400
15,2300
15,2400
15,3900
15,2500
15,2400
15,2400
15,2300
15,3800
15,4200
15,2400
15,2300
15,3900
15,2500
15,3900
15,2500
15,2400
15,2300
15,2400
15,2400
15,2300
15,2300
15,2400
15,3100
15,3100
15,4300
15,4200
15,2400
15,2400
15,2400
15,2400
15,2400
15,3400
15,2400
15,2400
15,2400
15,2400
15,2300
15,3700
15,2400
15,2300
15,2400
15,2400
15,2300
15,3900
15,3600
15,2400
15,2400
15,2300
15,2300
15,2300
15,2300
15,2300
15,2300
15,2400
15,2300
15,2400
15,2300
15,2400
15,3800
15,2400
15,4100
15,2400
15,4100
15,2300
15,2300
15,4000
15,2400
15,2300
15,2400
15,2400
15,4100
15,2400
15,4400
15,4100
15,4100
15,2500
15,2400
15,3900
15,2400
15,5400
15,2300
15,4100
15,2300
15,2400
15,2400
15,4100
15,2400
15,2300
15,3800
15,2400
15,4200
15,3100
15,3400
15,3400
15,3400
15,4100
15,3700
15,5300
15,3600
15,3700
15,3600
15,3700
15,3700
15,3600
15,3600
15,3600
15,3700
15,3700
15,3700
15,3700
15,3700
15,3600
15,3600
15,3600
15,3700
15,3600
15,3600
15,3700
15,3700
15,3700
15,5200
15,3700
15,3600
15,3600
15,3700
15,4000
15,4300
15,2400
15,2400
15,3700
15,4000
15,2400
15,3700
15,3400
15,2400
15,4100
15,2900
15,4200
15,2400
15,2400
15,4300
15,4300
15,2500
15,3800
15,3800
15,3400
15,3300
15,3500
15,3100
15,3200
15,3800
15,3700
15,3400
15,3200
15,3600
15,2600
15,2400
15,2300
15,2400
15,2300
15,2400
15,2400
15,2400
15,2400
15,2300
15,2300
15,2300
15,2400
15,2400
15,2300
15,4300
15,2400
15,2400
15,2300
15,2400
15,3400
15,2300
15,2400
15,2300
15,2400
15,2300
15,2300
15,2400
15,2400
15,2400
15,2400
15,2400
15,2300
15,2300
15,2400
15,2400
15,2300
15,2400
15,2400
15,2300
15,2300
15,2300
15,2400
15,2300
15,2400
15,2300
15,2400
15,2400
15,2400
15,2300
15,2400
15,2300
15,2400
15,2300
15,2300
15,2400
15,3600
15,3700
15,4000
15,3200
15,3500
15,3400
15,3500
15,3000
15,3000
15,3500
15,3500
15,3100
15,3500
15,3600
15,3100
15,3700
15,3700
15,3300
15,2400
15,2300
15,3700
15,4500
15,2400
15,2400
15,2400
15,2400
15,2400
15,3800
15,2400
15,2400
15,2400
15,2400
15,2300
15,2400
15,3900
15,2400
15,2400
15,2400
15,3900
15,4100
15,2400
15,2300
15,4100
15,2400
15,2400
15,2300
15,2300
15,3600
15,4300
15,2400
15,2400
15,2400
15,2300
15,3800
15,2400
15,2400
15,2400
15,3800
15,3300
15,2400
15,3100
15,2500
15,2500
15,2400
15,2500
15,2400
15,24200
15,6100
15,4000
15,2400
15,2400
15,3800
15,2400
15,2400
15,2400
15,2400
15,2400
15,2400
15,2400
15,2400
15,2300
15,2400
15,2300
15,2400
15,2400
15,2300
15,2300
15,2300
15,2300
20,354200
20,57200
20,36500
20,23500
20,23400
20,23400
20,36100
20,23500
20,23400
20,23400
20,38200
20,34400
20,29900
20,23400
20,23500
20,35600
20,23400
20,30000
20,23400
20,23400
20,23500
20,23400
20,36500
20,38000
20,38300
20,37100
20,34400
20,37700
20,37300
20,37300
20,30700
20,23500
20,36700
20,23400
20,31400
20,37000
20,36200
20,30300
20,23400
20,23500
20,23500
20,31000
20,23400
20,23300
20,23400
20,23400
20,23400
20,23400
20,23400
20,27900
20,23300
20,47300
20,38300
20,38200
20,38300
20,38200
20,46800
20,38300
20,38200
20,38300
20,38200
20,65300
20,38300
20,38200
20,35900
20,23400
20,23400
20,30100
20,23400
20,31000
20,30900
20,32400
20,35700
20,23400
20,23500
20,33000
20,33900
20,37200
20,32600
20,35500
20,33600
20,38400
20,35800
20,34700
20,38300
20,39000
20,40300
20,35600
20,36700
20,23500
20,23500
20,23400
20,23600
20,23400
20,23300
20,37000
20,24600
20,23400
20,37000
20,36300
20,38100
20,26800
20,23500
20,36700
20,23400
20,37000
20,36700
20,23400
20,23400
20,37800
20,37200
20,37800
20,37500
20,36800
20,36800
20,37800
20,23400
20,29300
20,34600
20,36500
20,23400
20,23400
20,23400
20,37600
20,23400
20,34900
20,23400
20,36700
20,28500
20,37500
20,23500
20,34700
20,23300
20,34600
20,23400
20,23400
20,36100
20,36800
20,37000
20,36900
20,37000
20,23300
20,23400
20,23400
20,23300
20,36700
20,36600
20,36800
20,37100
20,23400
20,23300
20,23400
20,23300
20,23400
20,23400
20,23400
20,36800
20,23300
20,36400
20,37300
20,36500
20,38500
20,44500
20,36600
20,35100
20,23500
20,28600
20,34600
20,36100
20,37400
20,23400
20,23400
20,38200
20,23400
20,35100
20,34000
20,23400
20,23400
20,23400
20,23500
20,36300
20,23400
20,34800
20,23400
20,23400
20,23300
20,36600
20,23400
20,23400
20,23400
20,23500
20,23400
20,26000
20,49200
20,23500
20,23400
20,23400
20,37700
20,23400
20,31800
20,23400
20,23400
20,23400
20,23400
20,23300
20,23300
20,69300
20,39100
20,31500
20,35700
20,23500
20,37700
20,35600
20,23400
20,23400
20,23400
20,23400
20,23500
20,23400
20,23400
20,23300
20,23400
20,23400
20,23400
20,30700
20,23400
20,23500
20,23300
20,23400
20,23400
20,23400
20,23300
20,23400
20,23400
20,23300
20,23300
20,23300
20,23400
20,23400
20,30400
20,23400
20,23300
20,23300
20,23400
20,37400
20,23300
20,30300
20,23500
20,23400
20,23400
20,23400
20,36000
20,46500
20,37500
20,36300
20,38900
20,39200
20,55300
20,38400
20,48500
20,38200
20,38300
20,38900
20,23500
20,23300
20,23300
20,36800
20,23300
20,23400
20,23300
20,23400
20,23400
20,23400
20,23300
20,23300
20,23300
20,23300
20,23400
20,23400
20,23300
20,37500
20,23300
20,23300
20,23300
20,37500
20,23300
20,25800
20,38000
20,37200
20,37300
20,37200
20,37200
20,37100
20,36900
20,37300
20,37100
20,37400
20,37900
20,23200
20,36600
20,33700
20,37300
20,37300
20,37400
20,36600
20,33200
20,36300
20,41900
20,34600
20,33900
20,36100
20,36400
20,36200
20,36600
20,34900
20,38700
20,33800
20,37400
20,37500
20,37500
20,37200
20,37500
20,37200
20,33800
20,37400
20,37700
20,35400
20,37800
20,38000
20,39300
20,56700
20,56700
20,44600
20,37100
20,38400
20,37800
20,37700
20,38400
20,37800
20,24300
20,37900
20,37900
20,38400
20,37800
20,37900
20,23400
20,38100
20,38300
20,37500
20,37500
20,35200
20,23400
20,37900
20,23400
20,23300
20,23200
20,23400
20,23300
20,23300
20,23300
20,23300
20,23300
20,23300
20,32600
20,37400
20,37000
20,23400
20,26800
20,35900
20,47400
20,35000
20,36900
20,36400
20,23300
20,34000
20,38800
20,37400
20,35700
20,38300
20,25000
20,37300
20,37900
20,38000
20,38700
20,38400
20,37600
20,56800
20,38400
20,37000
20,38600
20,37800
20,37500
20,39700
20,38700
20,38300
20,38800
20,38300
20,37500
20,37800
20,36300
20,38000
20,38100
20,37800
20,38100
20,38300
20,38000
20,38100
20,37100
20,38200
20,38000
20,38300
20,37200
20,23500
20,23300
20,23400
20,23400
20,23300
20,23600
20,23300
20,23300
20,23400
20,23300
20,23300
20,23300
20,23300
20,23300
20,23300
20,23300
20,83700
20,23200
20,23300
20,23300
20,23300
20,23300
20,23400
20,23300
20,23300
20,23300
20,23300
20,23300
20,23300
20,23300
20,23200
20,31900
20,23300
20,23300
20,23300
20,23300
20,23300
20,37700
20,23300
20,23300
20,23200
20,35800
20,23300
20,23300
20,23300
20,23300
20,23300
20,23300
20,23300
20,23300
20,23300
20,37200
20,27600
20,32200
20,38200
20,38200
20,38300
20,38200
20,38200
20,38200
20,38200
20,38200
20,38700
20,38100
20,38200
20,38100
20,38200
20,38200
20,38200
20,38200
20,38100
20,38100
20,38100
20,38100
20,38200
20,38700
20,38100
20,38100
20,38200
20,38200
20,38100
20,38100
20,38200
20,38200
20,38200
20,38100
20,38100
20,38100
20,38100
20,38100
20,38500
20,38200
20,38100
20,38200
20,45900
20,38100
20,38100
20,38300
20,38400
20,38100
20,38100
20,36600
20,23300
20,23300
20,23300
20,23300
20,36400
20,34000
20,32900
20,37400
20,35800
20,23400
20,23400
20,23200
20,23300
20,23300
20,23300
20,23200
20,23300
20,23300
20,23300
20,23300
20,23300
20,23300
20,23300
20,33700
20,35200
20,35400
20,38300
20,38200
20,38200
20,38200
20,38200
20,38200
20,38200
20,23400
20,23400
20,23300
20,23300
20,23300
20,37800
20,24800
20,23300
20,23300
20,27400
20,23300
20,23300
20,23300
20,27800
20,23300
20,23300
20,23300
20,23300
20,23400
20,23400
20,23200
20,23300
20,23200
20,23300
20,23200
20,23300
20,23200
20,23300
20,23300
20,23300
20,23300
20,23300
20,30900
20,30700
20,29700
20,23300
20,23300
20,23300
20,23300
20,23200
20,23300
20,23300
20,23300
20,23200
20,23300
20,23300
20,23300
20,23200
20,23300
20,23300
20,23300
20,23300
20,23300
20,23300
20,23200
20,23300
20,23300
20,23300
20,65200
20,23300
20,23200
20,23500
20,23300
20,23300
20,23300
20,23300
20,23300
20,23300
20,23300
20,23200
20,23300
20,23200
20,23300
20,23300
20,23300
20,23200
20,23300
20,23300
20,23300
20,23300
20,23300
20,23300
20,23300
20,23300
20,23300
20,23400
20,23300
20,30000
20,23300
20,23300
20,23300
20,23300
20,23300
20,23200
20,23300
20,23300
20,23200
20,23300
20,23300
20,23300
20,36600
20,48500
20,37100
20,23400
20,23400
20,23400
20,23300
20,23400
20,23300
20,23200
20,23400
20,23300
20,23300
20,23600
20,23300
20,34300
20,23400
20,23300
20,23400
20,23300
20,23300
20,36800
20,36000
20,24000
20,36500
20,36500
20,23300
20,36200
20,37200
20,36900
20,37400
20,37600
20,36300
20,36800
20,37200
20,30900
20,48100
20,37300
20,36600
20,23300
20,37100
20,37200
20,36700
20,31200
20,37800
20,38400
20,37400
20,37800
20,38200
20,37700
20,23900
20,36600
20,23400
20,31000
20,23600
20,23300
20,50700
20,38100
20,36900
20,38000
20,37300
20,38100
20,37700
20,37600
20,38000
20,44400
20,38700
20,33300
20,37200
20,37000
20,35400
20,34100
20,31900
20,31900
20,31500
20,32300
20,32000
20,32800
20,32600
20,32400
20,32400
20,32400
20,32000
20,32300
20,30700
20,41200
20,32100
20,34100
20,31700
20,34000
20,31800
20,23400
20,23500
20,23300
20,23400
20,23400
20,23300
20,38500
20,37500
20,37100
20,36100
20,23300
20,23300
20,23300
20,36900
20,39800
20,62600
20,38500
20,38300
20,38300
20,38200
20,38200
20,38500
20,34500
20,23400
20,23300
20,23300
20,50200
20,57200
20,57500
20,66000
20,37400
20,23400
20,33600
20,23300
20,23400
20,23400
20,32500
20,35300
20,23400
20,23300
20,23300
20,23300
20,23300
20,23300
20,37300
20,23400
20,24200
20,37000
20,23300
20,35600
20,37300
20,36400
20,23300
20,36400
20,23300
20,23300
20,37300
20,23300
20,23300
20,23300
20,36400
20,24800
20,37900
20,40100
20,37400
20,34400
20,42700
20,31500
20,48100
20,37500
20,24900
20,23300
20,36600
20,23300
20,35000
20,35400
20,36300
20,33500
20,37200
20,30200
20,23300
20,23400
20,23300
20,23400
20,23300
20,23400
20,23300
20,23300
20,23400
20,23300
20,23300
20,23300
20,49800
20,23400
20,23600
20,23300
20,23300
20,23300
20,23300
20,23300
20,23300
20,23300
20,23300
20,23300
20,35700
20,23300
20,38100
20,23300
20,26800
20,38000
20,23300
20,38400
20,23300
20,36900
20,23300
20,23300
20,37100
20,34600
20,23300
20,23300
20,23200
20,32200
20,32400
20,39400
20,34400
20,34500
20,38600
20,38600
20,38300
20,23300
20,36300
20,23300
20,23400
20,23400
20,23300
20,23300
20,23400
20,23300
20,23300
20,30200
20,23300
20,29700
20,39400
20,37000
20,34700
20,38200
20,38200
20,38200
20,38300
20,38200
20,38200
20,38300
20,38200
20,47800
20,38100
20,38300
20,38200
20,38200
20,38400
20,38200
20,38200
20,38200
20,38100
20,38200
20,38200
20,38200
20,38200
20,38100
20,38400
20,38300
20,38100
20,38100
20,38200
20,38200
20,38300
20,33400
20,39000
20,38200
20,38200
20,38200
20,38200
20,38100
20,38200
20,38200
20,38200
20,38300
20,38100
20,38100
20,38100
20,38200
20,38100
20,39200
20,38200
20,38200
20,38200
20,38200
20,38200
20,38200
20,38200
20,38200
20,38200
20,38200
20,38200
20,38100
20,38100
20,38200
20,38100
20,38200
20,38100
20,38200
20,38200
20,38200
20,38200
20,38200
20,38200
20,38200
20,38100
20,38100
20,38200
20,38100
20,38100
20,38100
20,38200
20,38100
20,38200
20,46100
20,38200
20,38200
20,38200
20,38300
20,38200
20,40700
20,23500
20,23300
20,23300
20,23300
20,23300
20,23300
20,23300
20,23300
20,23300
20,23300
20,23300
20,23300
20,23300
20,23300
20,23300
20,23400
20,25900
20,23300
20,23400
20,23300
20,23300
20,23400
20,23300
20,23200
20,23300
20,23200
20,23300
20,23300
20,23300
20,23300
25,1413800
25,434900
25,281000
25,272300
25,296000
25,328600
25,390400
25,379500
25,389500
25,395900
25,384000
25,371000
25,255800
25,255300
25,255300
25,255300
25,270600
25,283600
25,377300
25,401600
25,348500
25,403200
25,298600
25,255400
25,255300
25,342300
25,382700
25,267800
25,255300
25,330600
25,365600
25,255200
25,355900
25,255300
25,420300
25,420500
25,428800
25,420500
25,468000
25,420500
25,420500
25,420300
25,354400
25,407500
25,306400
25,333700
25,384700
25,263900
25,365000
25,283000
25,257300
25,311100
25,255400
25,458100
25,399400
25,401700
25,401700
25,396900
25,388400
25,395400
25,386300
25,407600
25,295200
25,460800
25,421400
25,378400
25,347000
25,278100
25,255700
25,339200
25,255500
25,255300
25,255300
25,255400
25,255300
25,255400
25,262200
25,255200
25,255300
25,255300
25,264200
25,275600
25,255300
25,362700
25,269800
25,346200
25,413000
25,351400
25,255300
25,277900
25,268900
25,277000
25,330100
25,407500
25,255500
25,255700
25,255200
25,285500
25,286300
25,278600
25,307300
25,255300
25,255500
25,255300
25,255300
25,263600
25,282700
25,255300
25,388600
25,281900
25,274200
25,273700
25,273800
25,255400
25,274700
25,255200
25,255500
25,255300
25,255300
25,390400
25,401500
25,356500
25,255300
25,255400
25,255300
25,307600
25,281900
25,277200
25,699400
25,289800
25,279000
25,277600
25,277400
25,285000
25,277400
25,279400
25,277400
25,282200
25,285700
25,277200
25,283400
25,255300
25,279500
25,257700
25,279500
25,448900
25,294500
25,255300
25,295100
25,255300
25,255300
25,454600
25,255300
25,284100
25,255500
25,255500
25,255600
25,255500
25,255600
25,277700
25,276600
25,276300
25,281600
25,420600
25,420800
25,421300
25,420400
25,602400
25,391500
25,255300
25,365300
25,281500
25,362500
25,276900
25,255500
25,255200
25,270800
25,284900
25,255300
25,255200
25,283300
25,278500
25,276900
25,282700
25,277400
25,255300
25,278600
25,285300
25,304000
25,289700
25,365600
25,279800
25,256100
25,422000
25,420800
25,421100
25,336900
25,255700
25,553600
25,422000
25,420600
25,429800
25,421100
25,420700
25,420800
25,420900
25,277900
25,327600
25,393000
25,412300
25,356500
25,369700
25,366600
25,302800
25,403500
25,335800
25,278300
25,418900
25,420500
25,420400
25,668800
25,421000
25,388300
25,420600
25,420400
25,428400
25,420300
25,420600
25,346700
25,312300
25,255900
25,356400
25,300100
25,286700
25,281600
25,466500
25,337700
25,264500
25,286300
25,255400
25,266000
25,293800
25,289600
25,255300
25,495900
25,256200
25,255400
25,255500
25,255300
25,255300
25,255300
25,264300
25,255300
25,430300
25,438900
25,420900
25,268300
25,255200
25,256600
25,340300
25,316400
25,255800
25,290800
25,291500
25,255400
25,274700
25,385200
25,262500
25,274500
25,529700
25,422900
25,420500
25,421100
25,420500
25,428500
25,420500
25,420600
25,431200
25,420700
25,569900
25,383200
25,255500
25,255400
25,263100
25,255200
25,255100
25,255200
25,262000
25,255500
25,255300
25,255300
25,262000
25,255100
25,255200
25,255300
25,519700
25,352400
25,255700
25,255500
25,255400
25,255300
25,308800
25,288500
25,277000
25,275700
25,255200
25,255100
25,275000
25,262700
25,270700
25,320300
25,277100
25,260600
25,267100
25,282800
25,383100
25,309500
25,255200
25,254900
25,261700
25,255100
25,255200
25,255200
25,336800
25,381100
25,255700
25,286300
25,255300
25,255200
25,271800
25,273500
25,255200
25,255200
25,255100
25,424700
25,321800
25,255200
25,265600
25,255900
25,256800
25,319600
25,255200
25,255100
25,381700
25,265000
25,277500
25,255100
25,277900
25,324000
25,255300
25,262000
25,453900
25,279600
25,422500
25,375500
25,365900
25,347300
25,295800
25,276700
25,514500
25,380100
25,334700
25,382900
25,268100
25,257000
25,255200
25,255100
25,263500
25,255100
25,255300
25,255100
25,262600
25,255300
25,255500
25,255100
25,255200
25,403800
25,353500
25,382700
25,335400
25,395700
25,400800
25,422400
25,420700
25,473200
25,440400
25,469400
25,326800
25,420500
25,429100
25,420300
25,420500
25,428600
25,338300
25,392300
25,451000
25,321600
25,271700
25,636700
25,277600
25,286500
25,329100
25,300100
25,330100
25,291700
25,416700
25,414900
25,420600
25,421300
25,488700
25,429500
25,422100
25,421000
25,421000
25,421600
25,420900
25,420900
25,421000
25,420600
25,420600
25,421100
25,428200
25,420800
25,420700
25,429900
25,421000
25,420900
25,407500
25,344100
25,392500
25,271200
25,255600
25,271100
25,255400
25,274600
25,255200
25,266900
25,255200
25,255100
25,255200
25,255300
25,255200
25,255100
25,289100
25,255200
25,255300
25,255100
25,255000
25,255100
25,364000
25,290300
25,255500
25,255200
25,255300
25,255100
25,262100
25,281300
25,514300
25,353000
25,432400
25,399300
25,287000
25,255500
25,262500
25,255400
25,277500
25,255300
25,255200
25,255000
25,255200
25,255200
25,261600
25,255200
25,255100
25,281500
25,262000
25,255200
25,255100
25,255100
25,275300
25,255200
25,255200
25,255100
25,283800
25,255100
25,255200
25,255100
25,263900
25,434300
25,312300
25,294500
25,285500
25,255200
25,255200
25,255200
25,280900
25,255400
25,262500
25,307200
25,380800
25,356500
25,255200
25,270800
25,265800
25,299500
25,291300
25,416600
25,433900
25,418700
25,416800
25,255200
25,258600
25,535900
25,401600
25,415800
25,292400
25,326200
25,255300
25,255200
25,255200
25,275100
25,255200
25,255200
25,255200
25,255500
25,255100
25,275200
25,279900
25,272200
25,314500
25,255200
25,290500
25,268300
25,262100
25,255800
25,261500
25,310600
25,276100
25,276200
25,352500
25,383300
25,637700
25,296400
25,421400
25,430800
25,421800
25,420700
25,429200
25,420900
25,420200
25,427500
25,421100
25,420300
25,428100
25,420300
25,420600
25,427700
25,420400
25,420300
25,420400
25,390100
25,349400
25,255300
25,277500
25,331800
25,343200
25,318900
25,310600
25,285900
25,274100
25,272700
25,255100
25,262600
25,274000
25,255400
25,274500
25,255200
25,273700
25,255200
25,273600
25,255200
25,274000
25,255200
25,274200
25,275400
25,255100
25,255100
25,356100
25,283500
25,274000
25,288300
25,268000
25,255200
25,341000
25,324800
25,396600
25,343000
25,401100
25,343900
25,405600
25,255300
25,364700
25,292900
25,255200
25,255200
25,263800
25,295400
25,255500
25,417100
25,376500
25,260200
25,257800
25,362000
25,366600
25,428500
25,421200
25,421000
25,420700
25,420600
25,530200
25,295100
25,422400
25,420300
25,420500
25,428900
25,420400
25,420400
25,426800
25,420400
25,420200
25,426800
25,421000
25,420400
25,426500
25,262500
25,255200
25,255200
25,280200
25,273300
25,255200
25,255200
25,255100
25,261900
25,274400
25,255100
25,465400
25,352200
25,284300
25,297200
25,275400
25,273700
25,272200
25,262600
25,255300
25,274300
25,272800
25,279400
25,255200
25,255200
25,255200
25,281700
25,255200
25,274300
25,396600
25,270800
25,255300
25,271800
25,255300
25,255200
25,255200
25,255100
25,271900
25,279900
25,255400
25,255400
25,289600
25,594500
25,300200
25,326700
25,255300
25,286700
25,255100
25,255200
25,255200
25,255200
25,274000
25,255300
25,284500
25,413400
25,277700
25,289100
25,255300
25,768100
25,330300
25,376800
25,274400
25,303300
25,279500
25,336700
25,290200
25,279800
25,261800
25,255500
25,437400
25,442200
25,419100
25,255200
25,393300
25,421000
25,412100
25,401800
25,409900
25,398400
25,255300
25,376200
25,357900
25,280800
25,284200
25,273500
25,428700
25,429500
25,421700
25,293600
25,409000
25,412200
25,427600
25,610600
25,440600
25,336900
25,288400
25,283300
25,309300
25,255200
25,405100
25,274700
25,411600
25,255200
25,338600
25,394800
25,259100
25,257700
25,273400
25,316900
25,255300
25,255100
25,309300
25,255100
25,283800
25,257900
25,266700
25,281800
25,391600
25,284800
25,255900
25,255200
25,271600
25,280800
25,270100
25,255300
25,274800
25,437700
25,422700
25,420700
25,420500
25,421000
25,420600
25,414600
25,420600
25,420600
25,420500
25,420400
25,420900
25,420500
25,420400
25,420400
25,420500
25,648100
25,460200
25,255500
25,255300
25,255100
25,255200
25,492300
25,420600
25,433000
25,420600
25,420400
25,409400
25,420400
25,420400
25,421100
25,420900
25,428600
25,420800
25,421000
25,439800
25,438600
25,404300
25,255200
25,295800
25,428000
25,350400
25,255200
25,255300
25,255200
25,425600
25,263600
25,296000
25,255300
25,278200
25,256700
25,265700
25,255200
25,255200
25,261800
25,269300
25,310600
25,255100
25,261800
25,269800
25,255200
25,288500
25,262100
25,270600
25,255200
25,255100
25,414400
25,341800
25,255300
25,279800
25,255200
25,386500
25,285900
25,349200
25,412500
25,287000
25,364300
25,255900
25,255300
25,279900
25,255200
25,255200
25,255100
25,260800
25,255200
25,255100
25,411700
25,255200
25,268200
25,260300
25,255400
25,270900
25,255600
25,255500
25,268100
25,267100
25,255200
25,270200
25,255200
25,274000
25,255200
25,255100
25,387400
25,465800
25,255400
25,255500
25,279800
25,274800
25,274800
25,273700
25,273400
25,255200
25,275400
25,255100
25,274100
25,279300
25,273800
25,273800
25,255200
25,261700
25,274200
25,273100
25,288000
25,279300
25,273100
25,289700
25,255100
25,289600
25,273500
25,273400
25,255200
25,261800
25,274100
25,643600
25,421200
25,420300
25,421400
25,420400
25,420500
25,421000
25,420500
25,420500
25,421400
25,420100
25,420600
25,420700
25,420300
25,420400
25,339200
25,318300
25,375000
25,374600
25,354800
25,424800
25,372700
25,297800
25,452300
25,326900
25,533500
25,285800
25,311300
25,262600
25,408500
25,255200
25,255200
25,264200
25,313700
25,268300
25,276300
25,255300
25,274000
25,255200
25,255200
25,255200
25,262400
25,265500
25,283300
25,272200
25,275200
25,417400
25,421200
25,421500
25,420500
25,439100
25,351100
25,256700
25,268000
25,255200
25,275800
25,267800
25,275800
25,280600
25,262300
25,276600
25,413000
25,295900
25,255300
25,278200
25,319000
25,400000
25,275700
25,256800
25,259100
25,285000
25,288900
25,413700
25,286900
25,273600
25,285200
25,278300
25,261900
25,269700
25,393500
25,299200
25,255300
25,255300
25,255200
25,255200
25,395500
25,366300
25,255300
25,255300
25,262500
25,255300
25,255100
25,380300
25,287600
25,255300
25,255400
25,255400
25,262400
25,323100
25,255400
25,255400
25,671100
25,421200
25,425300
25,415200
25,425600
25,482800
30,4826900
30,2993000
30,3378300
30,2841300
30,2850000
30,2834600
30,3665700
30,3027500
30,2907100
30,2833800
30,2876700
30,3838000
30,2906300
30,2869600
30,2837800
30,3243000
30,4104200
30,4687800
30,4664500
30,4330900
30,2912400
30,2838500
30,3966600
30,4707800
30,2881300
30,2968000
30,3117000
30,2849200
30,3100100
30,2875700
30,2847400
30,4769500
30,3763100
30,3279500
30,4305100
30,3670900
30,3985100
30,3413400
30,4825900
30,4340700
30,3273300
30,3223000
30,3002200
30,3032000
30,3035500
30,3782700
30,2911500
30,3134900
30,4013500
30,2920100
30,2840000
30,2838400
30,3002300
30,4242000
30,2874900
30,3131200
30,3262900
30,4161300
30,4674100
30,4324600
30,4007000
30,2932800
30,2834600
30,4692800
30,4177900
30,2841200
30,2842400
30,2904600
30,3041500
30,3710100
30,3014400
30,3095900
30,3325300
30,4101500
30,2838400
30,2904900
30,2988400
30,2900800
30,3107400
30,2943400
30,2850500
30,3856500
30,4227300
30,2884400
30,2837600
30,3235600
30,3969200
30,2907500
30,2833900
30,3124700
30,3202700
30,4533100
30,4497400
30,3104000
30,3553200
30,2935000
30,3064400
30,2888900
30,2838200
30,4122300
30,3290800
30,2891900
30,2844400
30,3105200
30,2846600
30,3293100
30,2932400
30,2971500
30,3780300
30,3135000
30,2875300
30,2872300
30,2872600
30,3406700
30,3192200
30,2956800
30,2833500
30,2838300
30,4450000
30,4688500
30,3613000
30,2908800
30,4010900
30,2995400
30,4119500
30,2919800
30,4817300
30,2997900
30,3162800
30,3203000
30,4000600
30,2883400
30,3088600
30,2840900
30,4101400
30,2840300
30,2840200
30,2835900
30,3074800
30,3095100
30,2856000
30,2855800
30,2833800
30,4343100
30,4880700
30,4676900
30,3830500
30,3146000
30,2837300
30,2840700
30,2976600
30,2836000
30,3208400
30,2938000
30,2872700
30,4083900
30,3008000
30,4732200
30,5026700
30,4674800
30,3940400
30,3553900
30,2918200
30,3079700
30,3201800
30,2941000
30,3463200
30,3057100
30,2872800
30,3775900
30,3282000
30,2853900
30,4896400
30,3973100
30,4708900
30,4573600
30,4850000
30,3282700
30,3214000
30,4698900
30,4547100
30,3098700
30,3305600
30,3226400
30,4424200
30,3222800
30,2971900
30,2959200
30,4824600
30,4855900
30,4602800
30,5642600
30,4811500
30,4265100
30,4264900
30,2836200
30,2839100
30,2833600
30,3052300
30,3269900
30,2865300
30,2893100
30,3290700
30,5046600
30,3179300
30,2834800
30,3560100
30,2845900
30,3165400
30,2836700
30,2953300
30,2904400
30,2833500
30,4144900
30,4907300
30,4670900
30,4779600
30,4459300
30,3153800
30,3270400
30,3907000
30,3194900
30,2878100
30,2969800
30,3701900
30,2893000
30,2908400
30,2836500
30,2840700
30,3436800
30,4164200
30,2846000
30,2838200
30,2866100
30,4678500
30,4675600
30,4323100
30,3951300
30,3263600
30,2841100
30,3553400
30,2879300
30,2891200
30,2834200
30,4323000
30,2907600
30,2983800
30,4282200
30,5175300
30,3401000
30,3350000
30,3456300
30,4363300
30,3845700
30,4911100
30,4142300
30,4511100
30,3538400
30,2853400
30,3221500
30,2840800
30,2962800
30,5121400
30,3444800
30,2835400
30,3246100
30,3086500
30,3037800
30,4561900
30,3338000
30,2982500
30,2836800
30,3339600
30,2899300
30,2866800
30,2835900
30,2838600
30,3256400
30,4143300
30,2835800
30,2841800
30,2978300
30,2858200
30,3163400
30,2842500
30,2867000
30,3189800
30,3379100
30,2959000
30,2841800
30,2846600
30,3360100
30,3295500
30,2841900
30,2895800
30,2839100
30,3208900
30,3028900
30,2833300
30,2840900
30,2833100
30,3703400
30,2842300
30,2901800
30,2833800
30,2839100
30,3711200
30,2924900
30,2840900
30,2862700
30,2966200
30,3714300
30,3137500
30,2841700
30,2939900
30,4646100
30,4746100
30,4696600
30,3625200
30,3499700
30,2956900
30,3173900
30,4467000
30,4752600
30,4682000
30,3580000
30,3878900
30,3047300
30,2869900
30,3845700
30,4401200
30,3605400
30,2991900
30,2844000
30,2884000
30,3490100
30,3184100
30,3554600
30,3260400
30,3424100
30,3130800
30,3065600
30,2912400
30,2869100
30,3146700
30,3793600
30,3802900
30,2948200
30,2891300
30,4131500
30,4695000
30,4674800
30,4299800
30,2996000
30,2900200
30,2833700
30,2862600
30,4907900
30,3304200
30,2957700
30,3383400
30,5060700
30,4682300
30,4309200
30,4369100
30,4680700
30,4673400
30,5273400
30,4682700
30,4683000
30,4708800
30,3652200
30,3334800
30,3165700
30,3771600
30,4845100
30,4761700
30,4509300
30,4375000
30,4673200
30,4634100
30,5173600
30,3319400
30,3498100
30,2842700
30,2837800
30,2903500
30,2833100
30,3188000
30,4589800
30,3193100
30,2835000
30,3043900
30,2839900
30,2839400
30,3469500
30,3306400
30,2905200
30,2833000
30,3597700
30,3079400
30,3187400
30,2852900
30,2851900
30,4159700
30,3404500
30,2869000
30,2892400
30,2832800
30,3631800
30,3074900
30,4080900
30,2941900
30,3752500
30,2885100
30,2841200
30,3031200
30,3254500
30,3807700
30,2953100
30,3183700
30,3231900
30,4279900
30,4675400
30,4682200
30,4611300
30,2899200
30,2887800
30,3161600
30,3187700
30,3448300
30,2875200
30,2837700
30,2987100
30,2858700
30,4164800
30,2915600
30,3291200
30,2839200
30,3919200
30,4682700
30,3485600
30,2897100
30,2839900
30,2966700
30,2899400
30,2857700
30,2884000
30,2838100
30,3183400
30,2839900
30,4782800
30,5007100
30,5212600
30,2902300
30,2891100
30,3379300
30,3785900
30,3213400
30,2936000
30,2899600
30,3416900
30,3231900
30,3181000
30,2855500
30,2890900
30,4313400
30,3092200
30,2850500
30,3007400
30,3808100
30,3272500
30,2839600
30,3489500
30,3237300
30,3368700
30,3129200
30,2872700
30,3085500
30,3785300
30,2885400
30,2837500
30,3012500
30,3006500
30,3800700
30,2844600
30,2837600
30,2913000
30,2870800
30,2987500
30,2839500
30,4232200
30,4111300
30,3476800
30,3052400
30,2894000
30,3245600
30,4679800
30,3158800
30,3214800
30,3478300
30,3106300
30,3581100
30,2954300
30,2848500
30,3371300
30,4588600
30,4767200
30,4761900
30,4289600
30,3213600
30,3077100
30,4478500
30,4892400
30,2941800
30,3371600
30,2933300
30,2913000
30,4267400
30,2854000
30,2950200
30,2897500
30,2920900
30,3327500
30,3121200
30,4037500
30,4356800
30,4965000
30,2871900
30,2924500
30,2874500
30,3335100
30,4055500
30,2892400
30,2888900
30,2910900
30,3987900
30,3385700
30,2936100
30,2953300
30,4632600
30,2958800
30,2867100
30,2867100
30,3504100
30,4229700
30,4264100
30,3167800
30,3284600
30,5095600
30,4677800
30,4790400
30,4041500
30,3304800
30,3194700
30,3353700
30,4174400
30,3338500
30,3195800
30,4272500
30,3143400
30,3516200
30,3189900
30,4913600
30,4254100
30,2878100
30,2939000
30,3328200
30,2878800
30,3726700
30,3191900
30,4006600
30,3507600
30,3565100
30,4661700
30,4335000
30,3180600
30,3790100
30,3714400
30,4500000
30,4677200
30,5769900
30,3303100
30,4943200
30,4841100
30,3181500
30,2917500
30,3141400
30,3050600
30,4619500
30,4684100
30,4657200
30,5004800
30,3481700
30,3024500
30,3059900
30,3768300
30,3213100
30,2934200
30,2959400
30,3419100
30,5762100
30,4684000
30,4755500
30,3190500
30,2883900
30,2894800
30,3414800
30,3224600
30,3231900
30,2850800
30,2843800
30,3317100
30,4386300
30,4713900
30,4355200
30,2883200
30,3249800
30,2903000
30,2834100
30,4544300
30,4264800
30,2865500
30,3156900
30,3193900
30,2843600
30,3318100
30,2960600
30,3284100
30,3201700
30,3008500
30,4532700
30,3814500
30,2853400
30,2909400
30,3131300
30,2918400
30,3089400
30,3100800
30,2894700
30,3566600
30,4125700
30,3759300
30,2833500
30,3280500
30,3031500
30,2834600
30,2939400
30,2834300
30,2960000
30,3148500
30,2939800
30,2849200
30,3046900
30,3245600
30,2884900
30,2848000
30,3128700
30,2837400
30,3531700
30,2843700
30,2839100
30,2833800
30,2838000
30,3433500
30,2921800
30,2838600
30,2833600
30,2838200
30,3225000
30,4847800
30,4643200
30,3870800
30,3703900
30,2839400
30,2942000
30,3198500
30,2849900
30,4625700
30,4681600
30,3178600
30,2938100
30,2926500
30,2873700
30,2930800
30,4758900
30,4251100
30,3216300
30,4799900
30,4725000
30,3105600
30,4356900
30,4134900
30,2960200
30,3236800
30,3471800
30,2878900
30,2926300
30,2981000
30,4117800
30,4208000
30,3148600
30,3194600
30,4586400
30,3192300
30,2881200
30,2929500
30,3377700
30,3122800
30,2839900
30,2841800
30,2863900
30,3273300
30,3642100
30,2841700
30,2836800
30,2875900
30,3406200
30,2843800
30,2833500
30,2837000
30,2842800
30,3886600
30,2932800
30,3142800
30,2920800
30,3620000
30,3161900
30,2836700
30,2868400
30,2842200
30,3620300
30,3324400
30,3012500
30,3128100
30,2897900
30,4312700
30,3577300
30,3504300
30,3040000
30,2873400
30,3334700
30,2888600
30,2838000
30,3447900
30,3972300
30,4690400
30,4959200
30,2872700
30,3699500
30,3006400
30,2951100
30,3419200
30,2950100
30,3093000
30,2910300
30,3080600
30,3081100
30,2839300
30,4227000
30,4727700
30,3169800
30,2855900
30,5060200
30,5286100
30,3037800
30,3125900
30,2833000
30,2837200
30,2971000
30,3456200
30,3736100
30,2837700
30,2837400
30,3348900
30,3291500
30,2838900
30,3055500
30,2881500
30,4031900
30,2900200
30,2846200
30,2880200
30,2833700
30,3331800
30,2843200
30,2835900
30,2839900
30,2894900
30,3269800
30,2909800
30,2837700
30,2905600
30,3908700
30,4851600
30,3645100
30,2900500
30,3688000
30,3037600
30,2904200
30,2899300
30,3128300
30,3471000
30,3028700
30,2931200
30,2999500
30,3451400
30,3973800
30,4744000
30,4351800
30,4498200
30,3058800
30,3137700
30,3262000
30,4669500
30,4399800
30,3908000
30,3157700
30,2834200
30,3751600
30,3312000
30,3133200
30,2843300
30,2885400
30,3114700
30,3790400
30,4682800
30,4908500
30,3303600
30,2856300
30,2836200
30,2880400
30,3117600
30,3963200
30,2839000
30,2833600
30,2845100
30,3268400
30,2862200
30,2845100
30,2904400
30,2845600
30,3356900
30,2836000
30,2836500
30,2895600
30,2832200
30,3484000
30,2941200
30,2906900
30,2976300
30,2873900
30,3543400
30,2882600
30,4168000
30,2849900
30,3264800
30,2844100
30,3273800
30,3170900
30,2945000
30,3839100
30,4741100
30,4680100
30,4259700
30,3515700
30,2861400
30,2923900
30,3138800
30,4571700
30,2892100
30,2856500
30,2892600
30,4941500
30,3149900
30,2909400
30,4554200
30,3209400
30,3523900
30,2934700
30,4504200
30,2914600
30,3201700
30,4078300
30,3363700
30,2994300
30,2833000
30,4139600
30,3159900
30,2986600
30,2876400
30,3057900
30,3091700
30,4334700
30,4613500
30,3657300
30,3507500
30,3083500
30,3325600
30,2871000
30,4109100
30,3434900
30,2856100
30,2932600
30,3362800
30,3681800
30,3200700
30,3030600
30,2942500
30,4372300
30,2838000
30,2853900
30,2835800
30,2967600
30,4182500
30,2868200
30,2833700
30,2832700
30,3304100
30,3673700
30,2895100
30,2925400
30,4016800
30,3797900
30,2839800
30,2838200
30,4056900
30,3360300
30,3384100
30,2902000
30,3665200
30,2926400
30,4575300
30,3216400
30,3419200
30,4676000
30,4644600
30,4057500
30,4435700
30,4410200
30,2950000
30,2834700
30,2967600
30,2833200
30,3071100
30,3036100
30,2861200
30,3733500
30,3212500
30,5093600
30,4640100
30,3149400
30,3335800
30,4711700
30,4235600
30,2930300
30,3287100
30,3544200
30,4053300
30,2882700
30,2875900
30,3425400
30,3957800
30,4686800
30,3809500
30,3737000
30,3208700
30,3727300
30,3877000
30,3945900
30,4007900
30,3185500
30,2866500
30,4381200
30,3444000
30,3213600
30,3198700
30,2867300
30,3829900
30,2922800
30,2831000
30,2857600
30,3396500
30,5076000
30,2992100
30,4616000
30,5148000
30,4624800
30,2938400
30,3718700
30,4750600
30,4517800
30,2873500
30,3673600
30,4830500
30,4708300
30,5115400
30,4741000
30,4680200
30,4834700
35,43741900
35,33822700
35,35520400
35,35172600
35,35153500
35,40416400
35,33783700
35,34501100
35,36770500
35,38326100
35,33935400
35,41188500
35,37209500
35,38477700
35,39948600
35,34078400
35,33470200
35,37286100
35,37889800
35,35932400
35,34307800
35,35880400
35,38500500
35,39911200
35,35837600
35,38569100
35,44368100
35,44635900
35,34754400
35,40826500
35,37751200
35,38599400
35,42069100
35,33400400
35,35821300
35,34637000
35,34771200
35,39382800
35,35797000
35,38517900
35,35291300
35,35040300
35,37634800
35,44540000
35,39465600
35,40457300
35,35513500
35,34802700
35,35127500
35,35989100
35,39714200
35,52141400
35,33530100
35,34215800
35,34089500
35,38036200
35,35242800
35,35348500
35,32923100
35,35923700
35,33630700
35,33499400
35,43827600
35,41781600
35,39619500
35,34693100
35,35103000
35,38715900
35,37540300
35,39277600
35,34996300
35,35804500
35,34769400
35,33902100
35,34151000
35,37690200
35,36871400
35,40339400
35,34960300
35,40528200
35,37215600
35,39987300
35,44156400
35,42236700
35,37875900
35,38990200
35,33717500
35,45523100
35,38500500
35,37807400
35,33153600
35,49938700
35,37257200
35,35188700
35,46915900
35,37842900
35,44524200
35,42266400
35,34063500
35,38492200
35,37584800
35,34248000
35,36821900
35,42025300
35,33681400
35,39390800
35,36819700
35,36203500
35,38018600
35,35146500
35,37521500
35,41921000
35,38299700
35,39715300
35,37386500
35,34396400
35,42123800
35,47676200
35,42141100
35,39009200
35,33583500
35,34255500
35,36823200
35,35009300
35,53893100
35,44904500
35,40079200
35,36161500
35,33885600
35,35162900
35,46478400
35,35542200
35,35497000
35,35994000
35,35247200
35,33320800
35,46760400
35,48966900
35,33927800
35,32614200
35,33851100
35,33178300
35,32613100
35,33840400
35,36974200
35,34903200
35,36423000
35,33878100
35,33082200
35,34081300
35,36653500
35,40715100
35,37344100
35,33581500
35,39257200
35,32426300
35,34533700
35,37805600
35,40918800
35,41585000
35,34364300
35,38647500
35,37589000
35,35652900
35,40253500
35,35102900
35,34639300
35,38232000
35,39477800
35,32476500
35,34265100
35,33966400
35,40336000
35,41978500
35,52746300
35,45003400
35,35815100
35,38831300
35,36037100
35,35284900
35,35714300
35,38724200
35,40131300
35,37832400
35,35960700
35,35005900
35,46616700
35,34148700
35,33145800
35,35415200
35,35551900
35,33800800
35,37543800
35,34979600
35,34964800
35,34515100
35,37306000
35,33615100
35,40006400
35,35654100
35,39071500
35,39164500
35,34932400
35,34278500
35,33073400
35,33433400
35,33743100
35,35596000
35,39213700
35,40963500
35,36021400
35,39648200
35,42151400
35,35392100
35,35009600
35,40284500
35,38878200
35,38794000
35,38128600
35,43466300
35,38617500
35,50288200
35,44655400
35,34512900
35,40208200
35,47994100
35,43390600
35,39870700
35,33774300
35,39042300
35,35643200
35,33627400
35,36343300
35,39233000
35,41022200
35,33268400
35,34044400
35,43744300
35,33762200
35,35151000
35,44189900
35,46031800
35,52212900
35,42523400
35,45732500
35,51750000
35,44802300
35,39776000
35,34767800
35,39269400
35,35443600
35,38408100
35,40907700
35,38177400
35,39683800
35,32576800
35,39973700
35,39646500
35,34076100
35,37863400
35,34360600
35,37555300
35,36476700
35,37163100
35,35598400
35,34930500
35,34680100
35,35780800
35,34942200
35,40712000
35,41095500
35,39824800
35,37612600
35,36356100
35,38226200
35,35399900
35,36048000
35,35924600
35,34723300
35,37122000
35,37156700
35,33738600
35,32922800
35,35262300
35,34985700
35,36481200
35,34003700
35,33823500
35,40914100
35,35335700
35,38270900
35,39068500
35,37949100
35,43010500
35,38808800
35,45089600
35,38483900
35,33450800
35,33354300
35,34072700
35,33205600
35,35010400
35,32647000
35,34717400
35,35817500
35,34592100
35,43888500
35,37930600
35,41394900
35,43868300
35,47571600
35,35457900
35,39277700
35,35495000
35,35846700
35,33664400
35,33181500
35,34076200
35,33482100
35,41486300
35,33903500
35,33151900
35,37488500
35,35948200
35,35271100
35,35799700
35,43475200
35,46922200
35,42548500
35,43610000
35,46299100
35,33964700
35,34950400
35,34875300
35,34439100
35,38001700
35,34791400
35,35106400
35,35703400
35,38613700
35,39169800
35,35151300
35,32711700
35,33007900
35,34828100
35,37471300
35,34418600
35,38792400
35,40298100
35,38032100
35,33404700
35,32949000
35,39605100
35,37646500
35,40696600
35,34342600
35,42605500
35,38156300
35,34945200
35,33454400
35,33245100
35,33583700
35,33114300
35,37702700
35,33638900
35,32283100
35,34257500
35,33051900
35,35045600
35,47072700
35,34724300
35,37960600
35,34421400
35,35641500
35,35355700
35,37411200
35,38256800
35,40031100
35,44744100
35,38225600
35,33563200
35,36430000
35,33994500
35,40827300
35,42215800
35,34737500
35,34629900
35,38596100
35,36472000
35,38727400
35,38416100
35,39121200
35,42265900
35,44444900
35,42435400
35,36129200
35,36322400
35,36285000
35,36772500
35,35627500
35,35060000
35,42396700
35,38208800
35,37362200
35,35081300
35,36846700
35,49028500
35,41627500
35,39557300
35,34694900
35,35366300
35,43713300
35,41431500
35,34784100
35,35916800
35,32701500
35,38204000
35,45759500
35,50940400
35,52153100
35,35037600
35,34847800
35,35507500
35,41053700
35,36062700
35,38196700
35,36731500
35,36110400
35,34600200
35,34084300
35,42089700
35,38022800
35,36445300
35,36524700
35,38517000
35,38694100
35,42026300
35,39091600
35,40316800
35,35435100
35,33261100
35,33904600
35,43966000
35,33160100
35,38286800
35,38098800
35,43579900
35,34271600
35,41536000
35,43473200
35,34661500
35,44136200
35,43739600
35,39484700
35,37520300
35,35277300
35,37486400
35,35969700
35,33402200
35,36409600
35,33223300
35,41839100
35,36748600
35,40335500
35,33478400
35,37091900
35,40822300
35,36105800
35,42654400
35,39895300
35,42619200
35,34746200
35,34531500
35,35763900
35,38970100
35,40805800
35,39109200
35,34192000
35,35744600
35,34494100
35,33190900
35,37344700
35,41116500
35,39360500
35,34226200
35,38234200
35,42002000
35,34331800
35,45655400
35,42145400
35,35175200
35,43662700
35,52936800
35,35183900
35,34048100
35,36521500
35,34927000
35,35117000
35,36697600
35,46368000
35,35317700
35,35151700
35,34279000
35,33725600
35,38373800
35,37598100
35,39463100
35,35867700
35,37542500
35,34900300
35,44911800
35,40372400
35,35599600
35,36385000
35,35570200
35,34617700
35,40311300
35,35883000
35,33033500
35,42527000
35,42979000
35,33123100
35,34218000
35,32605900
35,43028700
35,36126800
35,41210500
35,34536500
35,35298500
35,38555100
35,34245800
35,35154600
35,42175200
35,42735400
35,44828200
35,37318300
35,40615300
35,38173300
35,35544000
35,40485200
35,41458500
35,43469100
35,41932400
35,40856100
35,33189200
35,33758300
35,33363500
35,37290800
35,44240700
35,47277200
35,39619800
35,35398500
35,36171900
35,43686600
35,50654500
35,47413000
35,43708300
35,40010000
35,37117200
35,35418600
35,35219200
35,43316200
35,41830200
35,41524900
35,37362100
35,36250300
35,35665800
35,33811300
35,37541000
35,34257500
35,42677300
35,40131800
35,44324700
35,37267300
35,36322800
35,38346300
35,39199000
35,42063500
35,40346400
35,40731900
35,35459500
35,36683500
35,41929400
35,32848900
35,39761500
35,33032000
35,33031000
35,36062700
35,37419500
35,35039500
35,44397200
35,31876900
35,31805400
35,31501000
35,31737300
35,31617500
35,31708200
35,41396900
35,38851600
35,32233100
35,34088100
35,35612400
35,43353000
35,35023300
35,36166600
35,35267000
35,33319000
35,35059200
35,39859700
35,37977600
35,41560700
35,40433700
35,34244700
35,37310200
35,32760800
35,33389800
35,41999200
35,35378300
35,39220800
35,44232900
35,37800100
35,45842500
35,50109900
35,36940700
35,39005800
35,42108100
35,44488700
35,39810800
35,35994900
35,36892700
35,37560100
35,46268900
35,50105800
35,41741200
35,34372400
35,33456200
35,38271000
35,40779600
35,41963900
35,40528400
35,45885000
35,33596700
35,32714000
35,33971100
35,35708700
35,35518700
35,33869500
35,33165600
35,34826600
35,34598800
35,34677800
35,35651900
35,35202900
35,33922200
35,36802800
35,41512600
35,38288000
35,39586000
35,35155700
35,43842300
35,45043500
35,46394700
35,36841800
35,40864200
35,32874900
35,36876000
35,42676300
35,38826400
35,40535600
35,33420700
35,39152300
35,33357600
35,33791600
35,41752400
35,38761800
35,34175500
35,36311100
35,40813300
35,38737800
35,36240900
35,38074000
35,33632200
35,46122500
35,41566100
35,41970600
35,42700700
35,51831200
35,45536900
35,39976800
35,33320000
35,34520900
35,37072100
35,34782800
35,41247000
35,35057500
35,36227100
35,37767800
35,35236600
35,33243400
35,33696600
35,34510500
35,34074800
35,36126800
35,40637400
35,37342800
35,44060500
35,40431800
35,34589600
35,35142900
35,39828200
35,39809900
35,36261600
35,35145900
35,44169800
35,40600000
35,36380700
35,34600700
35,33702300
35,36019500
35,44502700
35,43863200
35,37392500
35,39225000
35,35947800
35,37375100
35,36659700
35,44143700
35,41726500
35,34015800
35,37750400
35,37054200
35,36209100
35,36977100
35,35475700
35,33707100
35,36224600
35,53691500
35,45397200
35,43887300
35,41612400
35,48944200
35,52031600
35,43433000
35,45909100
35,48017600
35,39697900
35,45423300
35,35224700
35,38307300
35,36877700
35,37811200
35,40333100
35,50521700
35,45768900
35,35811500
35,41637000
35,41598600
35,35203700
35,34867300
35,45808000
35,50803900
35,33916500
35,37156300
35,37388000
35,34460800
35,39953900
35,38849600
35,46571200
35,40304900
35,38579200
35,47070000
35,34051000
35,38679500
35,39936100
35,34287900
35,37512300
35,39348500
35,36180900
35,38783500
35,44281300
35,33818200
35,33890200
35,42915300
35,36678600
35,34970000
35,42304000
35,36567600
35,41808500
35,34226000
35,39908800
35,35164200
35,41651900
35,43276500
35,39710100
35,44007800
35,45199000
35,36698200
35,37908300
35,40554400
35,36349700
35,34713800
35,34352300
35,33092800
35,40877900
35,43618400
35,42970900
35,47019200
35,36676100
35,36786300
35,43792200
35,44067800
35,40547700
35,42418000
35,41764700
35,34162100
35,33733200
35,34504400
35,33894300
35,33861900
35,32833800
35,39650000
35,38069000
35,37437000
35,37764500
35,37291700
35,38557900
35,33669300
35,33967300
35,36947500
35,33194500
35,34114500
35,33199900
35,39224400
35,34681500
35,39890000
35,43681100
35,38046300
35,33156900
35,36351100
35,40554600
35,39459700
35,36359500
35,36369000
35,38827700
35,38892800
35,44564400
35,36990000
35,47457900
35,43017500
35,37679500
35,41410400
35,34496200
35,35469700
35,40240300
35,37755300
35,38797600
35,41122900
35,43030300
35,36985500
35,41850900
35,40677900
35,34501000
35,39143400
35,37518200
35,43165700
35,34162400
35,32547500
35,36298800
35,35133200
35,42978500
35,32404100
35,34011300
35,38274300
35,34909000
35,40451700
35,43334000
35,39451700
35,43909300
35,45035800
35,41540800
35,39087900
35,40953500
35,38599600
35,41367700
35,52157100
35,38160400
35,36824000
35,43671500
35,34918300
35,42156000
35,46527000
35,41075300
35,39843500
35,32852100
35,34970500
35,41140600
35,36451900
35,46052300
35,34424500
35,36767500
35,35969900
35,36483300
35,39440100
35,32968800
35,35633200
35,41161600
35,38560000
35,36076600
35,33988500
35,40044300
35,40914300
35,36228300
35,35275400
35,33747000
35,35212200
35,33217900
35,34147600
35,39044900
35,35188200
35,34673800
35,35146000
35,37203700
35,36034200
35,34097900
35,33862100
35,39249600
35,37849000
35,42993600
35,38663100
35,35939000
35,33837400
35,38678000
35,35069300
35,35600900
35,41339700
35,39917200
35,38060700
35,34258800
35,33514100
35,36952600
35,33536200
35,33945600
35,34184200
35,36244900
35,38980500
35,39248000
35,35230600
35,40957600
35,36101000
35,40362500
35,37931600
35,36414800
35,37089900
35,33256600
35,33438000
35,39357200
35,35947200
35,33102100
35,37621000
35,39656300
35,44537500
35,54991100
35,45913100
35,38178400
35,33042400
35,32767300
35,36021000
35,43200700
35,39943200
35,36815400
35,33128200
35,34603000
35,33914200
35,44586000
35,40183500
35,34311400
35,34096500
35,38950500
35,33433200
35,40530400
35,32672400
35,32821100
35,33108600
35,42528400
35,31933100
35,33373800
35,34935200
35,32433700
35,33748500
35,36865800
35,37706200
35,35397900
35,34716000
35,32763300
35,33319000
35,33799900
35,32466100
35,39664700
35,34811500
35,41914000
40,419566900
40,416703400
40,430539900
40,423239400
40,435871300
40,413505900
40,440825600
40,402781200
40,416053400
40,392968100
40,425851700
40,418693400
40,456045500
40,419180100
40,472383400
40,419498200
40,474891600
40,426450700
40,456060300
40,460462800
40,434752000
40,462245400
40,430132000
40,439840400
40,445442700
40,423010300
40,405960700
40,423431100
40,391018200
40,406987100
40,413861900
40,416140400
40,407248200
40,429975600
40,433396500
40,439734100
40,469722600
40,428874900
40,413024400
40,413147000
40,417396800
40,434350200
40,401865800
40,437257200
40,506205100
40,445414600
40,432694400
40,426122300
40,441393900
40,405778600
40,418011700
40,410489100
40,424550200
40,397534000
40,477318400
40,426714600
40,462051700
40,429056600
40,420008200
40,426857000
40,424867900
40,410953600
40,455275400
40,479286300
40,458792500
40,493950300
40,503038700
40,500874400
40,519695900
40,476166000
40,460765300
40,479465200
40,492043700
40,506256000
40,485782500
40,494615200
40,468523400
40,503792700
40,477108400
40,464810500
40,449745100
40,506883100
40,500774400
40,457286300
40,525712900
40,448176400
40,471785000
40,517787500
40,463955900
40,516159900
40,464111100
40,451017800
40,397925400
40,409618200
40,442841800
40,495681500
40,506047900
40,482405600
40,459578100
40,462207800
40,467250800
40,462519800
40,502781600
40,497348800
40,478810200
40,471156000
40,487844300
40,465285400
40,452571500
40,414588700
40,401377500
40,450826100
40,411793100
40,390453100
40,426810400
40,414076100
40,431213600
40,448062200
40,439249600
40,461633100
40,463367400
40,406845300
40,443923200
40,390072200
40,444950400
40,404539800
40,457928600
40,412286800
40,402139000
40,424014500
40,409788000
40,462805600
40,439770400
40,429503500
40,426546100
40,436561500
40,396841600
40,406778200
40,467966100
40,415899400
40,382984500
40,437553400
40,443487400
40,464081900
40,416497200
40,418933200
40,446370600
40,434910400
40,444078300
40,445009600
40,462291300
40,403594300
40,392776100
40,452903900
40,442973800
40,403124700
40,419693300
40,453192200
40,431300300
40,448880100
40,413217600
40,423579200
40,475185300
40,430442300
40,437834600
40,459483600
40,413555000
40,402766700
40,445032500
40,431688000
40,415297300
40,429159600
40,399083700
40,470288900
40,394992300
40,438902400
40,439270700
40,442864400
40,396613300
40,433406200
40,402473400
40,406652200
40,458753900
40,413397000
40,461108100
40,420628600
40,447899200
40,443865200
40,415319000
40,412163700
40,409894400
40,437019400
40,407214300
40,467817700
40,440336200
40,417492400
40,396617200
40,422633000
40,479744500
40,420943900
40,458803100
40,418333600
40,396594100
40,421952400
40,407621700
40,424166400
40,448317400
40,414441300
40,422296100
40,426041400
40,467147100
40,417603200
40,427248000
40,447437600
40,433200400
40,417954900
40,415344100
40,434028800
40,416503100
40,399686800
40,419253000
40,411397500
40,430782300
40,426642300
40,403610700
40,535896800
40,486330400
40,448429600
40,450105200
40,483397000
40,498122900
40,480223800
40,451075100
40,501471400
40,494152300
40,468628300
40,450857400
40,511492500
40,491293200
40,484032300
40,472323800
40,494694100
40,473671900
40,515492500
40,450582400
40,465449000
40,455354200
40,513852500
40,486113000
40,476642000
40,477232400
40,474167100
40,478915600
40,496090800
40,449588900
40,495110600
40,495022500
40,486229300
40,448878200
40,474022100
40,502852200
40,468188800
40,469652500
40,491068500
40,470630100
40,463986600
40,506716300
40,420295900
40,499556900
40,473353100
40,502577200
40,487057300
40,485947000
40,491047200
40,495378500
40,482166500
40,458772400
40,448154500
40,490260500
40,515708900
40,471728600
40,453835700
40,479345400
40,501405000
40,427088500
40,499184700
40,440439600
40,512015700
40,522493200
40,527107000
40,446903700
40,482489400
40,471566900
40,503385200
40,477315500
40,486285700
40,453240700
40,445863400
40,447385400
40,507341700
40,445633800
40,463882400
40,504766100
40,453565400
40,446719600
40,488951200
40,493027100
40,452188600
40,453378600
40,462037600
40,486868800
40,456762200
40,470890000
40,538441000
40,484833700
40,490935900
40,490799900
40,440632600
40,485953000
40,503569300
40,494279800
40,606359000
40,690334300
40,697394900
40,677849600
40,640590700
40,609310500
40,504172200
40,463390000
40,451159900
40,502953200
40,513715400
40,460373900
40,531183700
40,481664000
40,467783500
40,577616100
40,647851500
40,658613700
40,670011500
40,663798600
40,643418900
40,685934500
40,693112500
40,655833900
40,623846700
40,569785900
40,612038700
40,604748700
40,616685600
40,609842800
40,690772600
40,662270200
40,643824500
40,652173000
40,626465300
40,576868000
40,631730900
40,561056300
40,577350000
40,578528800
40,629382400
40,599180600
40,614756900
40,590920500
40,611927100
40,572981500
40,589405400
40,599119300
40,622641700
40,631295900
40,607562500
40,615721100
40,599622200
40,641440700
40,590460100
40,619573600
40,582020000
40,639991400
40,625843600
40,629250100
40,586203100
40,609754900
40,632907100
40,582795300
40,642466300
40,623401000
40,639321100
40,609013400
40,552669100
40,596732500
40,624161600
40,593058100
40,590556500
40,611513900
40,679402600
40,605183500
40,584497700
40,575646200
40,572322100
40,593316100
40,645770800
40,579417200
40,600321900
40,656720000
40,589924100
40,622020100
40,629698900
40,607224600
40,562204800
40,574150800
40,600398500
40,618880500
40,595098800
40,618060600
40,579046300
40,575006600
40,618959600
40,583320600
40,624947600
40,626290400
40,612900300
40,566968600
40,628155100
40,550431700
40,611318100
40,637906300
40,635571600
40,665779600
40,595474300
40,650647500
40,607688900
40,637972600
40,595891100
40,623418800
40,593155200
40,626482900
40,586415000
40,592224100
40,596674200
40,598169900
40,610525100
40,588094900
40,582514400
40,592725700
40,602595700
40,603160600
40,631893400
40,612150000
40,602940300
40,614807200
40,607752600
40,590830300
40,626057700
40,580004200
40,613130000
40,620443300
40,615135500
40,641940900
40,631551600
40,585015200
40,626690400
40,649001200
40,410864600
40,398317100
40,444065000
40,413757300
40,414646600
40,426269400
40,530043600
40,494698300
40,496410100
40,493282000
40,505526600
40,519628700
40,532885700
40,460493300
40,495091800
40,486283600
40,455858800
40,418101100
40,430890500
40,461924200
40,437938000
40,432603300
40,412358800
40,423307700
40,422278500
40,398124200
40,433822300
40,423015500
40,439343800
40,427021600
40,447739400
40,403620100
40,422769800
40,397692900
40,419825300
40,418920000
40,423836100
40,446249700
40,437690200
40,433102800
40,434948000
40,438862500
40,457146800
40,442811900
40,433877500
40,420802000
40,421341600
40,418545800
40,427677200
40,441084200
40,446789600
40,426768600
40,423878900
40,473278800
40,427922900
40,410932500
40,398277700
40,420010300
40,414477100
40,449744900
40,416652400
40,414769100
40,464065100
40,444452200
40,415241300
40,422117100
40,443553600
40,484099600
40,436643300
40,396490100
40,442113000
40,410598500
40,416731900
40,424004200
40,421404800
40,429178300
40,454225700
40,380200400
40,405876000
40,432946200
40,418904700
40,426797900
40,430396600
40,423849200
40,439694000
40,444155800
40,417359500
40,411039000
40,416557500
40,402903700
40,411104200
40,443125100
40,406065400
40,421935100
40,423232300
40,423769900
40,447938800
40,447356800
40,419100000
40,399381800
40,465406100
40,384605700
40,395006200
40,432223200
40,422930700
40,456060800
40,403787500
40,406302000
40,418601600
40,400075600
40,421922800
40,428731600
40,424066000
40,391440000
40,399697400
40,487947900
40,510973900
40,498534100
40,491003700
40,465483900
40,500177700
40,504961700
40,470786500
40,493422200
40,437749400
40,448264100
40,478452300
40,486637500
40,499652800
40,525849200
40,474775000
40,482380000
40,495604900
40,499813600
40,463422900
40,444125000
40,514707000
40,464286500
40,496524700
40,471954500
40,514498900
40,500075700
40,489676200
40,475663100
40,488194800
40,494874900
40,455965500
40,473188800
40,443858600
40,452038200
40,452486600
40,465635000
40,477022100
40,460561700
40,490130400
40,500379000
40,495753100
40,512608800
40,485778100
40,483156800
40,461785400
40,435665700
40,463804300
40,483533900
40,497845400
40,497988000
40,436846100
40,496238400
40,501352300
40,497420000
40,490620200
40,476815300
40,497435400
40,473716000
40,429102100
40,485031400
40,480702800
40,482332300
40,484984900
40,491266500
40,454130100
40,439849900
40,469163900
40,476635200
40,481640000
40,465757700
40,470391900
40,429171200
40,469668300
40,464191500
40,490290800
40,477917900
40,475713600
40,487999300
40,462726800
40,506935400
40,485542000
40,483709900
40,466367200
40,458114800
40,453949200
40,442688800
40,477690500
40,458468400
40,424016400
40,432730800
40,411925700
40,425193400
40,463076900
40,406064500
40,406895200
40,433792500
40,459798600
40,425434700
40,589896800
40,607635000
40,612466700
40,649268200
40,506888000
40,489708000
40,483313900
40,494361000
40,485206600
40,508404500
40,478248900
40,495064400
40,508939500
40,495765300
40,523587100
40,486195200
40,466270600
40,518022300
40,491521600
40,493705200
40,513759600
40,477014200
40,422486800
40,486345100
40,453632800
40,430198600
40,459715600
40,469196300
40,499413100
40,481758000
40,462165600
40,482580000
40,469241300
40,463424900
40,465117200
40,492994500
40,467541900
40,421456600
40,435868900
40,436693900
40,466842700
40,491950800
40,519941300
40,493776800
40,510836700
40,481417600
40,494232400
40,490245400
40,494371500
40,464133100
40,456862500
40,484022800
40,532456100
40,471827900
40,520052300
40,497799600
40,463602800
40,495217000
40,508458100
40,477620900
40,538538500
40,491462600
40,513750100
40,466902400
40,537078400
40,458416400
40,496980700
40,524764100
40,522677300
40,436688400
40,475911500
40,474479600
40,502851900
40,476756500
40,437846700
40,470633700
40,501037000
40,488674200
40,497967000
40,498930700
40,498271200
40,487385600
40,459488300
40,492791000
40,449459900
40,444210900
40,462973100
40,479680800
40,457606400
40,474152200
40,481723200
40,474652700
40,442543200
40,469768200
40,444225100
40,457966300
40,471191300
40,475238200
40,442805100
40,497013600
40,492191500
40,474651200
40,408303300
40,490292300
40,442232400
40,480794200
40,459191400
40,499729200
40,486691100
40,508787500
40,508962400
40,455846000
40,490653500
40,517374400
40,540614100
40,653528100
40,641019100
40,678790400
40,675177500
40,622135300
40,692377000
40,630571100
40,618765400
40,609361200
40,565288200
40,580373700
40,597700900
40,647765800
40,677689300
40,713769900
40,641960300
40,630698400
40,652455500
40,674783400
40,648267000
40,637726200
40,658723000
40,638975200
40,683740600
40,660197700
40,668296900
40,683659400
40,662888600
40,652087200
40,636600800
40,588713600
40,615567700
40,620396900
40,667435300
40,700870900
40,665739000
40,607070100
40,616371000
40,574031900
40,587823900
40,618148900
40,633206100
40,680497800
40,649648600
40,633705300
40,637284300
40,621844000
40,598923500
40,590300500
40,658486700
40,692042500
40,656636700
40,649563400
40,636334000
40,603805500
40,665814500
40,518003300
40,398198400
40,427497300
40,416188700
40,442677400
40,453103700
40,446497600
40,482213900
40,518643000
40,591709800
40,564767800
40,619938100
40,507463800
40,484857100
40,488399000
40,476685100
40,525836300
40,462994400
40,456691600
40,494173500
40,472125700
40,451019100
40,501343000
40,514691500
40,486766500
40,434660700
40,498888300
40,460432200
40,518639000
40,416527500
40,421061100
40,393739400
40,404427500
40,417122600
40,531663200
40,538127600
40,518747400
40,534321100
40,434606500
40,448368100
40,477089300
40,473263000
40,449401500
40,475829400
40,498839300
40,491889800
40,553253600
40,510375600
40,502078400
40,480008600
40,466687000
40,467785100
40,499937400
40,518338400
40,464576500
40,441649000
40,467519100
40,491187400
40,504192400
40,460932100
40,510936300
40,483318700
40,495380300
40,495473100
40,469936200
40,492214000
40,445885700
40,459895400
40,474257800
40,468871200
40,482040000
40,468307900
40,484957400
40,494279000
40,499761900
40,472186100
40,475736600
40,464910500
40,515656600
40,476750600
40,483657200
40,463579400
40,463759700
40,485889200
40,487270500
40,464843500
40,488761100
40,465952200
40,461364300
40,501637400
40,493320900
40,474152300
40,510820000
40,463709900
40,514767200
40,480831300
40,472341300
40,494579900
40,450454000
40,500469300
40,492152600
40,453025100
40,465140500
40,469116100
40,484419100
40,487288100
40,462326900
40,453312900
40,499051500
40,475853500
40,449941000
40,474282000
40,485086600
40,473289000
40,473901200
40,488794800
40,488722700
40,491536700
40,467341700
40,658890200
40,607744200
40,585439500
40,609022000
40,585663600
40,638206000
40,654075500
40,640413700
40,642438600
40,648282300
40,646113200
40,658994500
40,669392600
40,679145300
40,612958300
40,593200500
40,599885800
40,608862200
40,611803800
40,597511500
40,600257300
40,583383700
40,590762600
40,586041400
40,639803800
40,620872600
40,650465200
40,622971900
40,564832000
40,610135600
40,654147800
40,628289300
40,663833100
