run,time
0,61279941
1,84033562
2,17008888
3,16973530
4,21868563
5,8661967
6,8115045
7,8347966
8,14035020
9,12057053
10,5828409
11,8893137
12,21348441
13,10304663
14,9141195
15,8201175
16,9266453
17,9258781
18,8620314
19,8866429
20,18304489
21,8929796
22,8897375
23,8913939
24,9119607
25,8605538
26,6140056
27,9332214
28,6615195
29,6839196
30,6271790
31,5293848
32,7723729
33,5064705
34,6936266
35,5168743
36,5362663
37,8154732
38,10876137
39,7996074
40,8891660
41,7980611
42,7957807
43,8286078
44,8545213
45,7142161
46,7090220
47,6228415
48,7636318
49,7926220
50,6394007
51,7607088
52,11872827
53,9725529
54,8988910
55,9604060
56,9306690
57,10036875
58,9517865
59,8157517
60,8867786
61,6396553
62,8144838
63,6791524
64,5662994
65,6701267
66,6461512
67,5098257
68,5137527
69,5130253
70,5833975
71,7563887
72,8907239
73,8769696
74,6036544
75,6550974
76,5416516
77,8884988
78,6689650
79,5566071
80,5196394
81,5915726
82,5403255
83,5582041
84,5145146
85,6302155
86,6885913
87,5278191
88,5678589
89,6175602
90,5614446
91,5030258
92,4991619
93,4992790
94,5093891
95,5169294
96,6078158
97,6082733
98,5275920
99,4984039
100,5167794
101,5668497
102,5097485
103,5059963
104,5262671
105,6354504
106,6600808
107,5380905
108,5723182
109,6264910
110,6472966
111,8937009
112,9903245
113,9458943
114,6804488
115,10002245
116,6408454
117,5259287
118,4974923
119,6351994
120,5085546
121,5383898
122,4953994
123,6075357
124,7957557
125,5166882
126,5128412
127,4957679
128,4858444
129,4916113
130,5047793
131,5026157
132,4946575
133,6334739
134,9483084
135,9501231
136,9016979
137,7094922
138,5272975
139,4862945
140,4860699
141,6048848
142,5136977
143,7823189
144,5798243
145,6248341
146,9097104
147,9658968
148,5810977
149,5031577
150,5761517
151,5283910
152,5944433
153,5095515
154,5334566
155,5163258
156,4928963
157,5009265
158,5062364
159,5056104
160,4917462
161,4835269
162,6032698
163,5104850
164,5413646
165,5363245
166,6504700
167,8530440
168,5103755
169,5477565
170,7201506
171,6339060
172,5655304
173,5652175
174,5969843
175,8225243
176,6371735
177,5666272
178,7766073
179,5946639
180,5837972
181,6876473
182,5146450
183,5407416
184,5149045
185,6763359
186,4860196
187,5267630
188,6002519
189,5079468
190,5261746
191,4979634
192,6404402
193,5111606
194,5193441
195,5413599
196,5084180
197,4996686
198,5081333
199,5067846
200,5203774
201,6653632
202,4955436
203,5062474
204,4985882
205,4959850
206,5067431
207,5061706
208,5192123
209,5133304
210,5079758
211,5178615
212,4985587
213,5223784
214,5722885
215,5185885
216,4804727
217,6001118
218,5011506
219,5033541
220,4725747
221,5026318
222,4780120
223,4672978
224,4814122
225,4758640
226,4703738
227,4485394
228,4779368
229,4820750
230,5423203
231,4817796
232,4863604
233,4951527
234,5040307
235,5153063
236,5327415
237,5082821
238,5040412
239,5009325
240,5497084
241,5209431
242,6106655
243,5105955
244,5056885
245,4970029
246,5044257
247,4963983
248,4953867
249,4937914
250,5384968
251,4871686
252,5102261
253,5001627
254,5236756
255,4900788
256,4754852
257,4756631
258,4733258
259,4733787
260,4677893
261,4769606
262,4721663
263,4712446
264,4537205
265,5559174
266,7761665
267,7741021
268,8122162
269,7537193
270,5200074
271,5221415
272,5605940
273,4781561
274,4692356
275,4994649
276,6259665
277,5108852
278,5325551
279,5279231
280,4941070
281,4933608
282,4766320
283,5104441
284,4724624
285,4699219
286,4742352
287,4763838
288,4950923
289,4745580
290,4857639
291,4850995
292,4612055
293,4678500
294,4721144
295,4751694
296,4755123
297,4638156
298,4635490
299,4645253
300,4902841
301,4827098
302,4957475
303,5038025
304,5011412
305,5328828
306,5136296
307,5090363
308,5145678
309,4914857
310,5347453
311,5113060
312,5092633
313,5481900
314,5094320
315,5103787
316,5057711
317,5001693
318,4887816
319,5078107
320,5188364
321,5051807
322,4763080
323,4902834
324,4726354
325,4797801
326,6320417
327,4786910
328,4732890
329,6165617
330,4640301
331,4672975
332,4693080
333,4728281
334,4418225
335,4614573
336,4663012
337,4679955
338,4891905
339,4896397
340,4851591
341,4747716
342,4978943
343,5001141
344,4894820
345,6406394
346,4978553
347,5062119
348,4959663
349,4826668
350,5070355
351,4994320
352,5114120
353,5052653
354,4981593
355,5151375
356,5264432
357,5016401
358,4928372
359,4932458
360,5151413
361,7744944
362,5027928
363,5062179
364,4954122
365,4955083
366,4758603
367,4966667
368,4654566
369,4590343
370,4642156
371,4396692
372,4510269
373,4429952
374,4405558
375,4754285
376,4730580
377,10513076
378,5040736
379,5770805
380,5559013
381,6038150
382,5016226
383,6141939
384,5556877
385,4969597
386,4806390
387,4990379
388,4975242
389,5155903
390,5014761
391,5083927
392,4956916
393,8682551
394,6811023
395,5086964
396,4914068
397,4920132
398,5020791
399,4901195
400,4750107
401,4696970
402,4751379
403,4736048
404,4744489
405,4786608
406,4690261
407,4586158
408,4731302
409,4826215
410,4614874
411,4637475
412,4649748
413,4875224
414,4931577
415,4791449
416,4859808
417,4895319
418,4866017
419,5008352
420,4849773
421,5042530
422,5086146
423,5073005
424,5213866
425,5185744
426,5086344
427,5111569
428,5144498
429,4916174
430,5120620
431,5097217
432,4918557
433,5291650
434,4856984
435,5244678
436,4863700
437,4789105
438,4735339
439,4759861
440,4786194
441,4614102
442,4455308
443,4392316
444,4540464
445,4404447
446,4311896
447,4355232
448,4613230
449,4619061
450,4724802
451,4809843
452,4733513
453,4786087
454,6093954
455,4986120
456,4783186
457,5146583
458,5139047
459,5189752
460,4957676
461,5117351
462,5026707
463,5120603
464,5209777
465,5726941
466,4900738
467,5050595
468,4972359
469,5133127
470,4906529
471,4768293
472,4872885
473,5188862
474,4754333
475,4702754
476,4799914
477,4671162
478,4684246
479,4643720
480,4459760
481,4380783
482,4419225
483,4414992
484,4463776
485,4452111
486,4394268
487,4776335
488,4946405
489,6180191
490,4854488
491,5604348
492,4989900
493,4919576
494,4970585
495,5149806
496,5200503
497,5013517
498,4975403
499,4836353
500,4926908
501,5085659
502,4937366
503,5715861
504,5259816
505,6505335
506,4991432
507,4890385
508,4836383
509,5049865
510,5040265
511,5157286
512,6942786
513,5245789
514,4935356
515,4673926
516,4795948
517,4810495
518,4755769
519,4598445
520,4792959
521,7626665
522,4705400
523,4614111
524,4604610
525,4549783
526,4701695
527,4748893
528,5001551
529,4853182
530,4858522
531,5014132
532,5057173
533,5115428
534,4937842
535,5056572
536,4907065
537,7186675
538,5051282
539,4877840
540,5016970
541,5080533
542,4968069
543,5142407
544,4932323
545,6247016
546,5225376
547,4962143
548,4745156
549,4668111
550,4688879
551,4770109
552,4631719
553,4787050
554,4627369
555,4449266
556,4380820
557,4374587
558,4435469
559,4415390
560,4385061
561,4263716
562,4450644
563,4762629
564,4764974
565,4903753
566,4730583
567,4703311
568,4642722
569,4993372
570,5005989
571,5129765
572,5156734
573,5027607
574,5067599
575,5082555
576,5088455
577,5110460
578,5163250
579,4949119
580,5160517
581,5112892
582,5071705
583,5293409
584,5324067
585,6526329
586,4700840
587,4838640
588,4788902
589,4750971
590,4637293
591,4472121
592,4519435
593,4415251
594,4418400
595,4407783
596,4474183
597,4407740
598,4444171
599,4522786
600,5468030
601,10614856
602,6272636
603,4761789
604,4904147
605,6029377
606,6409691
607,4957367
608,5007710
609,5106719
610,5034156
611,5083523
612,5763165
613,5451736
614,5044007
615,5283392
616,5093763
617,6100639
618,5383185
619,5242033
620,4918038
621,4736646
622,4959454
623,4727645
624,4772164
625,4698749
626,4861457
627,4724720
628,4682984
629,4719032
630,4807920
631,4701203
632,4452291
633,4662261
634,4605813
635,4612979
636,5446629
637,5978697
638,5668419
639,4782474
640,4858813
641,4722200
642,5087230
643,5205640
644,5047240
645,4962444
646,4878621
647,5008320
648,4878241
649,4985765
650,5235083
651,5326910
652,5082939
653,5075124
654,5110449
655,5038564
656,4947689
657,4871639
658,5385123
659,6048065
660,4809513
661,4816321
662,4751509
663,4987598
664,4917334
665,4618730
666,4462582
667,4611301
668,4801638
669,4602882
670,4598462
671,4470181
672,4556574
673,4802930
674,7626567
675,8055843
676,7998325
677,8784344
678,5792795
679,4788703
680,5005265
681,4740578
682,4900162
683,5004516
684,5101880
685,5074460
686,5277425
687,5957693
688,4935686
689,5239449
690,4865683
691,5132904
692,5123387
693,5288545
694,4942733
695,5044119
696,5290406
697,4968775
698,4958899
699,4740670
700,4843335
701,4804276
702,4942555
703,5702692
704,4725765
705,4696818
706,4892797
707,4562704
708,5595851
709,4816440
710,4852706
711,5029105
712,4936903
713,4992039
714,5726322
715,5100958
716,5089004
717,4983535
718,4820329
719,4818644
720,5050787
721,4951568
722,4903540
723,4798677
724,5011103
725,4875884
726,4994870
727,5055883
728,4972714
729,4771586
730,4656130
731,4732320
732,4736963
733,5125347
734,4837005
735,4816904
736,4764435
737,4599225
738,4394477
739,4620732
740,4959313
741,4491649
742,4587641
743,4580614
744,4706484
745,4739428
746,4468869
747,4450384
748,4590881
749,4790567
750,5044370
751,4784454
752,4871473
753,4721224
754,4910336
755,4926179
756,5059988
757,4923010
758,5033235
759,4927763
760,5120093
761,5179082
762,6727013
763,5355058
764,5890841
765,5261201
766,5114239
767,5251241
768,5066928
769,5075086
770,5075804
771,4793763
772,5177131
773,6088405
774,4977653
775,4784470
776,4894807
777,5022557
778,4908810
779,4788076
780,4522321
781,4587831
782,4767944
783,4643195
784,4738302
785,4938450
786,4767916
787,5221586
788,4759879
789,4857619
790,4977026
791,5157016
792,4898230
793,5134830
794,5039856
795,5198252
796,5138462
797,5065678
798,5026309
799,5107897
800,5035525
801,5048231
802,5140065
803,4976877
804,4968650
805,4803296
806,4849464
807,5046753
808,4705238
809,4855193
810,4824895
811,4710119
812,4637805
813,4677154
814,4886851
815,4747217
816,4664264
817,4722879
818,4684823
819,5529620
820,4828424
821,4648880
822,4526928
823,5508730
824,4790616
825,4773614
826,5145250
827,5014660
828,5151635
829,5092811
830,4787777
831,4998745
832,4977953
833,5170381
834,5049369
835,5061588
836,5018585
837,5201906
838,4887276
839,5037445
840,5066376
841,4963083
842,5035306
843,5122405
844,4949070
845,4997928
846,4646119
847,4776447
848,4875052
849,4763946
850,4520157
851,4825696
852,4948972
853,4707528
854,4697108
855,4551091
856,4769511
857,4733891
858,4507301
859,4576930
860,4695996
861,4579568
862,4752269
863,4791974
864,5168522
865,5559655
866,4942731
867,4787953
868,4825252
869,4710173
870,5101280
871,6049974
872,4902850
873,4861706
874,4874250
875,4832492
876,4916780
877,5146589
878,5047626
879,5101777
880,5102789
881,4944538
882,5482324
883,4800039
884,4641012
885,4869009
886,4793714
887,4840457
888,5327650
889,4985521
890,4769008
891,5134827
892,4813875
893,4832910
894,4805613
895,4691030
896,4695886
897,4657681
898,4667508
899,4703300
900,5010715
901,4707476
902,4937493
903,4832756
904,4865785
905,4833027
906,7247524
907,4924113
908,4988403
909,4877038
910,4834832
911,4987965
912,4832071
913,4910587
914,5108774
915,5087406
916,5131112
917,4787125
918,4827633
919,4937734
920,5196687
921,5002007
922,6122497
923,4824782
924,4716243
925,5278751
926,4749325
927,4730248
928,4607863
929,5436663
930,4593577
931,4472465
932,4582694
933,4464884
934,4764778
935,4910113
936,4595859
937,4638995
938,6904202
939,4814108
940,4750394
941,4749142
942,5847993
943,4835617
944,4968804
945,5271475
946,4918114
947,5224179
948,6331775
949,4790246
950,4820390
951,4921703
952,5002210
953,5326575
954,6464438
955,5075305
956,5136261
957,5180768
958,5025343
959,4858792
960,4710627
961,4680390
962,5300441
963,4806081
964,4781588
965,5056739
966,4992879
967,4620850
968,4729749
969,4764965
970,6150119
971,4621663
972,5305798
973,4739010
974,4931548
975,4680139
976,4756819
977,6006632
978,4993150
979,4837352
980,4766281
981,4779671
982,5038360
983,5019247
984,5000324
985,5016788
986,7725200
987,4845810
988,4765484
989,5096107
990,6104289
991,4814807
992,4880670
993,4899605
994,4696956
995,6117559
996,4719993
997,4831245
998,4851375
999,4644241
1000,4465231
1001,4587753
1002,5949892
1003,5125424
1004,4908075
1005,4706225
1006,4687514
1007,4706182
1008,4619855
1009,4795601
1010,4730484
1011,4784906
1012,4826138
1013,4694718
1014,4980580
1015,4638696
1016,4716617
1017,5037063
1018,4719585
1019,4684414
1020,4843435
1021,5739438
1022,5433016
1023,4833009
1024,4940794
1025,5140936
1026,4737919
1027,5397106
1028,5585484
1029,5015306
1030,5047909
1031,4907543
1032,4701168
1033,5602825
1034,4774088
1035,4965998
1036,4760149
1037,4801375
1038,4763822
1039,5021335
1040,4887715
1041,4723909
1042,4736611
1043,4654471
1044,4578491
1045,4503550
1046,4601958
1047,4640810
1048,4522982
1049,4626969
1050,4851155
1051,4866000
1052,4967138
1053,5539789
1054,4767636
1055,5076721
1056,5175278
1057,4790980
1058,5713591
1059,6162007
1060,5026031
1061,4971437
1062,4954454
1063,4729684
1064,6298984
1065,5107769
1066,4774086
1067,5054662
1068,4993739
1069,4744799
1070,5093495
1071,4710479
1072,4734430
1073,4788763
1074,5058879
1075,4656732
1076,4895958
1077,5490150
1078,4764392
1079,4948125
1080,4763321
1081,4695833
1082,4864146
1083,4807553
1084,4723290
1085,4620587
1086,4945123
1087,4889775
1088,4925930
1089,5298940
1090,4888446
1091,4994502
1092,5547669
1093,5535629
1094,5051090
1095,4770068
1096,5676682
1097,5009619
1098,5073202
1099,5161895
1100,5149271
1101,5154286
1102,5247774
1103,5099663
1104,5279079
1105,5196405
1106,4983584
1107,4871458
1108,4903075
1109,4777204
1110,6071226
1111,5012141
1112,4747728
1113,4664580
1114,4396624
1115,4811611
1116,4886618
1117,4819026
1118,4775800
1119,4836978
1120,4652117
1121,4704168
1122,4719595
1123,4746264
1124,4693195
1125,4928039
1126,4769938
1127,4797272
1128,4769566
1129,5049328
1130,4974835
1131,4960124
1132,5003547
1133,4891481
1134,4926083
1135,5372231
1136,5081587
1137,4941465
1138,4990325
1139,4766664
1140,6568206
1141,5293631
1142,5130799
1143,6268642
1144,5112651
1145,5341466
1146,4932987
1147,5011217
1148,4938257
1149,4717926
1150,4774157
1151,4787447
1152,4680526
1153,4690169
1154,4750662
1155,4684063
1156,4621622
1157,4558649
1158,5587847
1159,4950677
1160,4652146
1161,4609596
1162,4821687
1163,4841239
1164,4794587
1165,4755355
1166,4745575
1167,4959125
1168,4964763
1169,4795752
1170,4876671
1171,4980493
1172,4923422
1173,4898930
1174,4981251
1175,4997256
1176,4872600
1177,4920182
1178,4799201
1179,4997945
1180,4964088
1181,4879289
1182,5007529
1183,4894602
1184,4817004
1185,5039815
1186,5037200
1187,4895037
1188,4788863
1189,4677233
1190,4672161
1191,4770328
1192,4771316
1193,4782632
1194,4839171
1195,4713404
1196,4664440
1197,4693619
1198,4811936
1199,4552888
1200,4593426
1201,4728919
1202,4853223
1203,4793610
1204,4680792
1205,4769557
1206,4797907
1207,4851655
1208,4716366
1209,4869907
1210,4917377
1211,4848029
1212,5076763
1213,4945304
1214,4833785
1215,4981103
1216,4812618
1217,4938656
1218,5144206
1219,5047967
1220,5106234
1221,4826224
1222,4992560
1223,5219007
1224,4994327
1225,4986831
1226,4966327
1227,5898996
1228,4839907
1229,4716694
1230,4707899
1231,4804671
1232,4778784
1233,4483040
1234,4592764
1235,4771088
1236,5091093
1237,4704729
1238,4677203
1239,4644270
1240,4719260
1241,4680283
1242,4906112
1243,6437074
1244,5080776
1245,4783003
1246,4871383
1247,4904541
1248,5075855
1249,5135428
1250,5012793
1251,5114371
1252,4980741
1253,4880082
1254,4790623
1255,5183385
1256,4936772
1257,4962408
1258,4989998
1259,7521529
1260,5142598
1261,4866534
1262,4935541
1263,4673913
1264,4678844
1265,4716828
1266,4691943
1267,4587396
1268,4690081
1269,4730444
1270,4709334
1271,4768371
1272,4755679
1273,4499826
1274,4450588
1275,4973493
1276,4515704
1277,4580971
1278,4815857
1279,4724513
1280,4759771
1281,4865111
1282,4809529
1283,4803879
1284,4831889
1285,4789673
1286,4752297
1287,5769133
1288,4818397
1289,5033083
1290,4838624
1291,4805706
1292,4934263
1293,5070636
1294,4762974
1295,5141755
1296,4691496
1297,4612894
1298,5063147
1299,4922431
1300,4852792
1301,4801156
1302,4774200
1303,4836202
1304,4733936
1305,4621699
1306,4666851
1307,4741797
1308,5873856
1309,4857907
1310,4526749
1311,4476319
1312,4458547
1313,4554863
1314,4544015
1315,4660106
1316,4545763
1317,4725464
1318,4723531
1319,4524874
1320,5030843
1321,4804441
1322,4958053
1323,4915770
1324,5160406
1325,5034506
1326,5090892
1327,4823641
1328,5401122
1329,5576911
1330,4934004
1331,6800768
1332,5725229
1333,5132344
1334,6546040
1335,5056063
1336,9150267
1337,9191562
1338,9454519
1339,5070491
1340,4846097
1341,4700848
1342,4756826
1343,4709914
1344,4753602
1345,4803373
1346,6165011
1347,5042744
1348,4870620
1349,4672346
1350,5913493
1351,8082635
1352,8352020
1353,8828796
1354,5497095
1355,4881303
1356,4969876
1357,4635473
1358,4969984
1359,5074278
1360,5036407
1361,5482383
1362,4861624
1363,5024855
1364,5017245
1365,5064120
1366,4856686
1367,4829358
1368,4738682
1369,4851396
1370,4885057
1371,5875659
1372,4779567
1373,5365569
1374,6526000
1375,6326701
1376,4820386
1377,4705236
1378,4656795
1379,4495657
1380,4765315
1381,4860600
1382,4698487
1383,4557654
1384,4481736
1385,4668299
1386,6672412
1387,4790880
1388,4813172
1389,4767796
1390,4786236
1391,4955040
1392,4804826
1393,4786241
1394,4805473
1395,4869591
1396,5034853
1397,5188485
1398,5290537
1399,5327647
1400,4979574
1401,5035202
1402,5039155
1403,5154074
1404,5089024
1405,5164723
1406,5121344
1407,5508754
1408,5343993
1409,4812968
1410,4789260
1411,4687387
1412,4936931
1413,4374904
1414,4749240
1415,4714687
1416,4751408
1417,4797679
1418,4605612
1419,4718628
1420,4819419
1421,4685474
1422,4720536
1423,4456309
1424,4789069
1425,4663628
1426,4913043
1427,4844335
1428,5740526
1429,5079090
1430,4976246
1431,4784943
1432,4892459
1433,5165616
1434,6034765
1435,5105045
1436,5048280
1437,4823636
1438,5007512
1439,5021367
1440,5049588
1441,4947749
1442,4999411
1443,5104308
1444,4990117
1445,5030582
1446,4744535
1447,4900648
1448,4749881
1449,4689500
1450,4650139
1451,4578110
1452,4632598
1453,4486548
1454,4521003
1455,4406355
1456,4526695
1457,4462394
1458,4424616
1459,4481835
1460,4697861
1461,4722054
1462,4585575
1463,4644084
1464,4695166
1465,4833313
1466,6768534
1467,4980100
1468,4775286
1469,4909812
1470,4980208
1471,4793048
1472,5023064
1473,4860510
1474,5133704
1475,5100850
1476,4891055
1477,4811941
1478,4831295
1479,4952426
1480,5021742
1481,5070265
1482,5018504
1483,5030178
1484,4878720
1485,4684334
1486,4687251
1487,4820644
1488,4628785
1489,4707620
1490,4584945
1491,4514027
1492,4582746
1493,4688627
1494,4668621
1495,4624527
1496,4424092
1497,4633030
1498,4817609
1499,4563513
1500,5922518
1501,4564053
1502,4643350
1503,4799962
1504,4628460
1505,4644298
1506,4670025
1507,4708574
1508,4734173
1509,4994589
1510,4937703
1511,4727887
1512,4820491
1513,4999816
1514,6019546
1515,5371373
1516,7900662
1517,4838417
1518,4900409
1519,4904684
1520,4955448
1521,4797149
1522,4744749
1523,4744184
1524,4756588
1525,5051821
1526,4696056
1527,4666933
1528,4677973
1529,4688205
1530,4705829
1531,4769008
1532,4683600
1533,4620850
1534,4570373
1535,4617331
1536,4722310
1537,4638172
1538,4520212
1539,4745497
1540,4727301
1541,4878014
1542,4967251
1543,5061672
1544,4971862
1545,4735927
1546,5076557
1547,5024790
1548,6474376
1549,4915028
1550,5066338
1551,4838820
1552,4994827
1553,5262840
1554,5211734
1555,5370676
1556,5024725
1557,4856832
1558,5262184
1559,5116454
1560,5922792
1561,4996105
1562,6395189
1563,6659145
1564,6426982
1565,4766975
1566,4731773
1567,5246792
1568,4747515
1569,4804467
1570,4701350
1571,4818236
1572,4911185
1573,5293668
1574,4693751
1575,4543402
1576,4656404
1577,4749010
1578,4604267
1579,4674560
1580,7880185
1581,4946692
1582,4781914
1583,5103813
1584,5081780
1585,4881991
1586,5239198
1587,5856482
1588,5089799
1589,5090602
1590,4894557
1591,5034221
1592,4975923
1593,4948739
1594,5055007
1595,5012148
1596,5915364
1597,4749868
1598,4890182
1599,5022422
1600,4795795
1601,4814230
1602,4613824
1603,4344714
1604,4787093
1605,4652767
1606,4445214
1607,4604379
1608,5078489
1609,5303676
1610,4720484
1611,4686264
1612,4570433
1613,4745484
1614,4693140
1615,4784536
1616,5531538
1617,7543345
1618,8153958
1619,8706264
1620,6334125
1621,4918188
1622,4964044
1623,4792442
1624,4940769
1625,4860664
1626,5205748
1627,5233622
1628,4932077
1629,4768183
1630,4784464
1631,5061770
1632,5107046
1633,5081500
1634,4996259
1635,4951947
1636,4913768
1637,4785507
1638,4933074
1639,4731787
1640,4856705
1641,4723139
1642,4697039
1643,4710602
1644,4694691
1645,4971959
1646,4717247
1647,4730159
1648,4557196
1649,4770793
1650,5005028
1651,4646955
1652,4698546
1653,4635220
1654,4998264
1655,4766759
1656,4829851
1657,4976469
1658,5889315
1659,4893476
1660,5105816
1661,5036306
1662,5062433
1663,6074691
1664,4762290
1665,4841360
1666,4866822
1667,4932923
1668,5030929
1669,5108969
1670,5095577
1671,4938099
1672,5011107
1673,4777987
1674,4828902
1675,4812127
1676,4757064
1677,4777936
1678,4655911
1679,4552905
1680,4546817
1681,4880886
1682,4632333
1683,4725783
1684,4933986
1685,4660406
1686,4716018
1687,4600748
1688,4618568
1689,4767955
1690,4604479
1691,4716118
1692,4887478
1693,4855355
1694,4852821
1695,4797014
1696,4743698
1697,5150843
1698,5029750
1699,4981400
1700,5082457
1701,4806117
1702,5189237
1703,5104253
1704,5669744
1705,5185545
1706,4988127
1707,5335816
1708,5211008
1709,5270418
1710,5125599
1711,5049272
1712,5256888
1713,4805344
1714,5188899
1715,4744358
1716,4954407
1717,4926701
1718,4825260
1719,4799850
1720,5661209
1721,4854974
1722,4791352
1723,4947895
1724,4678655
1725,4765646
1726,5683950
1727,4738860
1728,4674493
1729,4824825
1730,4783999
1731,5059512
1732,5035290
1733,6059100
1734,5212451
1735,4982591
1736,4942358
1737,5206815
1738,5125259
1739,5954953
1740,5141612
1741,5072583
1742,4869168
1743,5224825
1744,5163732
1745,5713081
1746,5041205
1747,5738082
1748,5021285
1749,4940152
1750,5993328
1751,5144336
1752,5014105
1753,4916749
1754,4757837
1755,5145937
1756,5187922
1757,5767939
1758,4832686
1759,4813286
1760,4642735
1761,4699025
1762,4859045
1763,4608686
1764,5036357
1765,4852604
1766,4418280
1767,4676875
1768,4587812
1769,4903173
1770,4831019
1771,4783200
1772,5684924
1773,5138289
1774,5036955
1775,5086016
1776,4922284
1777,4952687
1778,8021163
1779,5031033
1780,4873763
1781,5068581
1782,4797810
1783,5027290
1784,6080553
1785,5173763
1786,5135995
1787,4923634
1788,4927485
1789,5058015
1790,6165002
1791,4949782
1792,8245631
1793,4765886
1794,4805855
1795,4730197
1796,4742021
1797,4868628
1798,4730190
1799,4962804
1800,4804562
1801,4799579
1802,4773090
1803,4689026
1804,4756002
1805,4804131
1806,4884578
1807,4717720
1808,4745110
1809,4857553
1810,4873740
1811,4823220
1812,4714706
1813,4904377
1814,4705309
1815,4943116
1816,5873732
1817,5025710
1818,5181412
1819,4832295
1820,4873524
1821,5776643
1822,5053447
1823,5143224
1824,4986515
1825,5032666
1826,4951915
1827,5269224
1828,5078937
1829,4818799
1830,4738481
1831,4756912
1832,4818349
1833,4859724
1834,5624243
1835,5121355
1836,4699628
1837,4828485
1838,4701360
1839,4746365
1840,4725893
1841,4629911
1842,4729699
1843,4869758
1844,4748446
1845,4729330
1846,4759199
1847,5030098
1848,4937474
1849,4909710
1850,4760801
1851,4734854
1852,4815129
1853,6531982
1854,5173312
1855,5009378
1856,4967620
1857,4928384
1858,4838133
1859,4855110
1860,5229037
1861,5031612
1862,4818306
1863,4996621
1864,4836607
1865,5250721
1866,5039389
1867,4955371
1868,4927230
1869,6028301
1870,4716437
1871,6261841
1872,4871254
1873,4740807
1874,4436923
1875,4525688
1876,4433912
1877,4618183
1878,4738468
1879,4717550
1880,4630642
1881,5613065
1882,4756049
1883,4718270
1884,4824109
1885,7867984
1886,4827451
1887,4899584
1888,4799625
1889,4670419
1890,4998602
1891,5360515
1892,5095113
1893,4950783
1894,4906796
1895,4755607
1896,4801432
1897,5240745
1898,5114922
1899,5013052
1900,5038650
1901,6524371
1902,5100543
1903,4929013
1904,4797222
1905,4954170
1906,5431004
1907,4601189
1908,4714265
1909,4948702
1910,4795787
1911,4839144
1912,4630624
1913,4740407
1914,4623542
1915,4750444
1916,4584742
1917,6050958
1918,4495575
1919,4619245
1920,4777160
1921,4827311
1922,4920918
1923,4829504
1924,4867977
1925,4803422
1926,4806364
1927,4996923
1928,5051674
1929,5004818
1930,4979156
1931,4841259
1932,4720172
1933,7316772
1934,6338781
1935,6542496
1936,5572366
1937,4881100
1938,5026372
1939,5306032
1940,4821952
1941,4837628
1942,4866170
1943,4922721
1944,4535759
1945,4642562
1946,4765205
1947,4838431
1948,4648128
1949,4984094
1950,4558497
1951,4746002
1952,4690730
1953,4672697
1954,4471110
1955,4625613
1956,4495709
1957,4667777
1958,4941976
1959,4784955
1960,4771651
1961,4761512
1962,4674387
1963,4778165
1964,4970546
1965,4954780
1966,4831378
1967,5005050
1968,4879680
1969,5295093
1970,5096889
1971,5156391
1972,5045153
1973,5222870
1974,5241570
1975,4942859
1976,5085073
1977,5078511
1978,5143951
1979,5045305
1980,4906709
1981,4952516
1982,5110313
1983,4986618
1984,4732882
1985,4611077
1986,4611715
1987,6125791
1988,5257524
1989,4661610
1990,4666128
1991,4679053
1992,4705197
1993,4768795
1994,4678640
1995,4564947
1996,4641372
1997,4733295
1998,4749460
1999,5023761
2000,4773255
2001,4957119
2002,4965039
2003,4919567
2004,4977243
2005,4828156
2006,4850117
2007,4901773
2008,5101262
2009,5115271
2010,5056210
2011,4896716
2012,4787745
2013,5016737
2014,5202780
2015,5222211
2016,4927369
2017,4978264
2018,5120620
2019,5196644
2020,4836510
2021,4936171
2022,4763158
2023,4559112
2024,4562975
2025,5894689
2026,4931304
2027,4607611
2028,4498506
2029,4567147
2030,4859385
2031,4548518
2032,4436811
2033,4588168
2034,4599426
2035,4960811
2036,4723448
2037,4707705
2038,4898310
2039,4752315
2040,4699171
2041,4938174
2042,4652192
2043,4725043
2044,4992509
2045,5188023
2046,5089231
2047,4865667
2048,4879207
2049,4780248
2050,4618689
2051,4872889
2052,4948901
2053,4936641
2054,5063249
2055,4696442
2056,5057958
2057,4858991
2058,5037156
2059,4739434
2060,5011575
2061,4681290
2062,4740665
2063,4717795
2064,4663424
2065,4787278
2066,4606012
2067,4670320
2068,4485795
2069,4655406
2070,4713734
2071,4529291
2072,4589529
2073,4641857
2074,4423985
2075,5317072
2076,4770908
2077,5006840
2078,4922207
2079,4846754
2080,4907889
2081,4763733
2082,4763851
2083,5122500
2084,6499797
2085,5189764
2086,4799413
2087,4867376
2088,4967522
2089,4749414
2090,4814006
2091,5074703
2092,5011904
2093,5089941
2094,5051768
2095,4714984
2096,5175981
2097,4916553
2098,4733892
2099,4834976
2100,4731991
2101,4686763
2102,5096265
2103,5730762
2104,4873202
2105,4969412
2106,4694412
2107,4656815
2108,4663593
2109,4622905
2110,4675034
2111,4639438
2112,4580815
2113,4361382
2114,5953815
2115,4878734
2116,4627593
2117,4613395
2118,4659251
2119,4764285
2120,4811420
2121,4839228
2122,4726559
2123,4657343
2124,4786523
2125,5288277
2126,5610455
2127,5082467
2128,5021765
2129,4923710
2130,4735477
2131,4880030
2132,5040164
2133,4712482
2134,5061089
2135,4745693
2136,4823675
2137,4935636
2138,4844880
2139,4978405
2140,4781505
2141,4614170
2142,4847744
2143,4691190
2144,4714267
2145,4690184
2146,4661672
2147,4815359
2148,4767940
2149,4786040
2150,4654199
2151,4703445
2152,4720582
2153,5652985
2154,4834005
2155,4866419
2156,4776612
2157,4780767
2158,4929936
2159,4901330
2160,4870641
2161,4759814
2162,4839665
2163,4951117
2164,4822296
2165,4942812
2166,5057352
2167,4835966
2168,5103805
2169,5123196
2170,5983146
2171,5181049
2172,5064947
2173,4736466
2174,4780636
2175,4678905
2176,4885130
2177,4696877
2178,4728531
2179,4679225
2180,4863536
2181,4615628
2182,5232948
2183,4935973
2184,4739162
2185,4667271
2186,4619293
2187,4505653
2188,4841457
2189,4673553
2190,4725238
2191,5679213
2192,4825742
2193,4817361
2194,4704404
2195,4785494
2196,4920959
2197,4962784
2198,4723775
2199,4972280
2200,4908570
2201,4984950
2202,4975311
2203,5033020
2204,4818787
2205,4810577
2206,4939819
2207,4883613
2208,5010375
2209,5089576
2210,5092769
2211,4975246
2212,4880727
2213,4928711
2214,5212233
2215,4848420
2216,4742940
2217,4704110
2218,4611550
2219,4582039
2220,5490019
2221,5340401
2222,6007205
2223,4646529
2224,4537451
2225,4672425
2226,4676773
2227,4541995
2228,4583758
2229,6050148
2230,7581498
2231,8154002
2232,6332264
2233,4822633
2234,4747985
2235,4712898
2236,4838404
2237,4712613
2238,6421985
2239,5104101
2240,4835282
2241,4751964
2242,4802391
2243,4752163
2244,4921236
2245,5050293
2246,4825808
2247,4874896
2248,4784840
2249,4827137
2250,4786323
2251,4829885
2252,4706381
2253,4702739
2254,6638497
2255,4403345
2256,4416779
2257,4737853
2258,4845940
2259,4679815
2260,4714322
2261,4701070
2262,4788609
2263,4753030
2264,4612014
2265,4542941
2266,4326293
2267,4523865
2268,4601473
2269,4596298
2270,5444348
2271,4780640
2272,4945023
2273,4822348
2274,4893095
2275,4864704
2276,6147334
2277,5230230
2278,4798606
2279,5027878
2280,4696456
2281,4925482
2282,5103467
2283,5176696
2284,4946016
2285,4890631
2286,7731846
2287,4918272
2288,5328140
2289,4891295
2290,4955014
2291,4735708
2292,4985530
2293,4720395
2294,4928640
2295,6138356
2296,4706113
2297,4605507
2298,4627132
2299,4823685
2300,4546777
2301,4592617
2302,6854831
2303,4611196
2304,4615310
2305,4585789
2306,4713611
2307,4798829
2308,4729515
2309,4813094
2310,4937891
2311,4858989
2312,4817078
2313,4955549
2314,4842995
2315,5050296
2316,4892112
2317,4840196
2318,4780903
2319,5041486
2320,4919724
2321,4851580
2322,5005527
2323,4914931
2324,4728097
2325,4787268
2326,4813222
2327,5131655
2328,4691999
2329,4999850
2330,4860033
2331,4604097
2332,4659642
2333,4751675
2334,4666987
2335,4746560
2336,4732305
2337,4831315
2338,4512792
2339,4782010
2340,4726109
2341,4618971
2342,4367512
2343,4544363
2344,4506353
2345,4822608
2346,4771443
2347,4559292
2348,4550384
2349,4792607
2350,4772952
2351,5058326
2352,4980286
2353,4810062
2354,4843675
2355,4816071
2356,4953636
2357,5106790
2358,4995947
2359,5039061
2360,4889628
2361,5109929
2362,4927879
2363,4943604
2364,4961551
2365,4995231
2366,4905556
2367,4967823
2368,5067774
2369,5624329
2370,4901107
2371,4718114
2372,4763984
2373,4778604
2374,4707654
2375,6588626
2376,4831090
2377,4475695
2378,4426796
2379,4651288
2380,4607102
2381,4699363
2382,4642410
2383,4695399
2384,4756590
2385,4775355
2386,4733456
2387,4878089
2388,4621302
2389,4808571
2390,4800941
2391,4865237
2392,4783339
2393,4786582
2394,4837637
2395,5132947
2396,4866469
2397,5015888
2398,4757714
2399,4792964
2400,4905911
2401,5100476
2402,5166000
2403,5048618
2404,4846680
2405,5028578
2406,4950907
2407,5101532
2408,4757742
2409,4608405
2410,4765087
2411,4595347
2412,4760296
2413,5829005
2414,4822429
2415,4668400
2416,4716887
2417,4745827
2418,4720981
2419,4656874
2420,4643059
2421,4542604
2422,4599018
2423,4652974
2424,5514561
2425,4584034
2426,4875286
2427,4973661
2428,4887605
2429,4880107
2430,4767269
2431,4787044
2432,4663112
2433,4995318
2434,4959877
2435,5057950
2436,4635310
2437,4924691
2438,4915908
2439,4986749
2440,4853855
2441,5259158
2442,5033380
2443,4700090
2444,4764972
2445,4975617
2446,5080743
2447,5180308
2448,4740619
2449,4607169
2450,4581170
2451,4572570
2452,6165386
2453,4742466
2454,4585511
2455,4471315
2456,4529953
2457,4848768
2458,4816023
2459,4731316
2460,4594751
2461,4521032
2462,4439451
2463,5440151
2464,4572095
2465,4921426
2466,4797188
2467,4601182
2468,4816223
2469,5197388
2470,5406259
2471,5153961
2472,5049448
2473,5024098
2474,5091081
2475,5007223
2476,4762621
2477,4767110
2478,5056222
2479,5011965
2480,4924913
2481,5127813
2482,4810298
2483,4748557
2484,5011403
2485,4716481
2486,4782842
2487,4724229
2488,4664551
2489,4601477
2490,4697768
2491,4650477
2492,4506813
2493,4735421
2494,4541092
2495,4875634
2496,4816261
2497,4541887
2498,4586881
2499,4839769
2500,4591323
2501,4604863
2502,5335032
2503,4705936
2504,4844975
2505,4872784
2506,4916988
2507,4716419
2508,4852499
2509,4844834
2510,4829030
2511,4973402
2512,4825132
2513,5299963
2514,4883755
2515,4707471
2516,5024347
2517,4942570
2518,4924071
2519,5036780
2520,4764929
2521,4711207
2522,4979079
2523,5022457
2524,4696065
2525,4791626
2526,4708811
2527,4789944
2528,4837480
2529,4670918
2530,4737005
2531,4526127
2532,4631122
2533,4774193
2534,4505770
2535,4504157
2536,4547851
2537,4420562
2538,4559792
2539,4488397
2540,4416546
2541,5231851
2542,4708896
2543,4837047
2544,4670199
2545,4710084
2546,4712281
2547,4910819
2548,4838959
2549,4859257
2550,4869748
2551,4890796
2552,5142593
2553,5099108
2554,5161443
2555,5128826
2556,5089534
2557,4855685
2558,4929995
2559,5117589
2560,5065389
2561,5041613
2562,4988495
2563,4687030
2564,4704114
2565,5159982
2566,5003542
2567,5001728
2568,4861433
2569,4767112
2570,4711901
2571,4764372
2572,4915360
2573,4716981
2574,4753552
2575,4821765
2576,4657762
2577,4736809
2578,4724043
2579,4708693
2580,5607916
2581,4766059
2582,4850852
2583,4651197
2584,4670330
2585,4834115
2586,4839157
2587,4812337
2588,4752069
2589,4745814
2590,4876081
2591,6566852
2592,5076655
2593,5114802
2594,4888418
2595,4778406
2596,4916230
2597,5015447
2598,5918380
2599,4829691
2600,5020138
2601,4716519
2602,4975611
2603,4980776
2604,4664393
2605,4731734
2606,4744065
2607,6198337
2608,4703218
2609,4916782
2610,4891868
2611,4799229
2612,4475478
2613,4744126
2614,4727355
2615,4769915
2616,4711278
2617,4630220
2618,4527685
2619,5337593
2620,4826779
2621,4957217
2622,4755629
2623,7583322
2624,4866882
2625,4946327
2626,7451878
2627,5015995
2628,4972587
2629,4860084
2630,4935446
2631,4881936
2632,4907448
2633,4830395
2634,5108581
2635,4985587
2636,5166239
2637,5238314
2638,5007760
2639,6256523
2640,4838059
2641,4976405
2642,4762764
2643,4645317
2644,6036800
2645,4750774
2646,4744860
2647,4818321
2648,4863836
2649,4830454
2650,4995519
2651,4698982
2652,4673306
2653,4654768
2654,4674423
2655,4444092
2656,5340847
2657,5655067
2658,5623264
2659,5047882
2660,5051225
2661,4834993
2662,5934171
2663,5816292
2664,4969607
2665,5097324
2666,5020181
2667,4842380
2668,4772846
2669,4731210
2670,4879162
2671,6940442
2672,5062626
2673,4942399
2674,5043784
2675,5126253
2676,5123342
2677,4812137
2678,4815295
2679,4731233
2680,4606839
2681,4612871
2682,4816830
2683,5841659
2684,4697472
2685,4786969
2686,4739013
2687,8584690
2688,4813053
2689,4625421
2690,4464190
2691,4699421
2692,5121807
2693,4692336
2694,5057279
2695,5665203
2696,4924530
2697,4764069
2698,4841305
2699,4862054
2700,4853294
2701,5097140
2702,5006594
2703,5328461
2704,4794585
2705,4874588
2706,4726459
2707,4878989
2708,4901756
2709,4965272
2710,4795843
2711,4637644
2712,4758499
2713,4851510
2714,4916726
2715,4703727
2716,4711228
2717,4742106
2718,4636640
2719,4652677
2720,4596006
2721,5157794
2722,4937511
2723,4835504
2724,4580771
2725,4717777
2726,4675687
2727,4665816
2728,4692531
2729,4601447
2730,4439206
2731,4547172
2732,6045214
2733,8121208
2734,8155572
2735,6168610
2736,4821395
2737,5114008
2738,4742292
2739,5041390
2740,4975981
2741,5051176
2742,5094659
2743,5005248
2744,5095825
2745,4848847
2746,4910982
2747,4801943
2748,5066236
2749,4864264
2750,4760649
2751,4669659
2752,4979813
2753,5056610
2754,5085162
2755,4800803
2756,4815710
2757,4715395
2758,4592014
2759,4760313
2760,6394501
2761,5305247
2762,4723522
2763,4579857
2764,4600726
2765,4849270
2766,4703702
2767,4454151
2768,4659457
2769,4896719
2770,4713561
2771,4679422
2772,4720952
2773,4778869
2774,4863180
2775,4749176
2776,4869304
2777,4847645
2778,4904967
2779,4988243
2780,5186021
2781,4857335
2782,4919686
2783,4775586
2784,4966555
2785,4907844
2786,4998439
2787,4992405
2788,5184378
2789,4883457
2790,5085160
2791,4604885
2792,5071463
2793,4818437
2794,4898208
2795,4983328
2796,4602714
2797,4805540
2798,6139800
2799,5252025
2800,4749538
2801,4782015
2802,4435877
2803,4330013
2804,4641507
2805,4698583
2806,4577023
2807,4612325
2808,4504010
2809,4667158
2810,4740416
2811,4775915
2812,5063537
2813,4969873
2814,5108352
2815,5019694
2816,5096549
2817,5091117
2818,5157457
2819,5241909
2820,5252159
2821,5056919
2822,4737182
2823,4811686
2824,4906581
2825,5165657
2826,5047908
2827,4889252
2828,4787223
2829,4758450
2830,5172162
2831,4905363
2832,4897607
2833,4837337
2834,4748362
2835,4843196
2836,5568903
2837,6233681
2838,4830949
2839,4799149
2840,4450431
2841,4702178
2842,4800363
2843,4626397
2844,4658954
2845,4611711
2846,4748017
2847,4797027
2848,4742509
2849,4806922
2850,4688087
2851,5336722
2852,6294865
2853,5090475
2854,4854459
2855,5059343
2856,5162343
2857,5121034
2858,5097219
2859,5131452
2860,5110827
2861,5131337
2862,5153504
2863,4993740
2864,5073754
2865,4941489
2866,4764928
2867,4881105
2868,4995132
2869,4714104
2870,5018028
2871,4730771
2872,4816936
2873,4945105
2874,6414594
2875,4810031
2876,4744751
2877,4727436
2878,4699709
2879,4734406
2880,4911139
2881,4652442
2882,4674250
2883,4576876
2884,4623440
2885,6277456
2886,6267717
2887,5972818
2888,4678443
2889,4839471
2890,4982199
2891,5062509
2892,4900019
2893,5190045
2894,4986237
2895,4947351
2896,4803224
2897,4936880
2898,5037971
2899,5113159
2900,5065030
2901,5306276
2902,4959626
2903,4906263
2904,4862771
2905,4940887
2906,4899148
2907,4784470
2908,4736249
2909,4671725
2910,4872012
2911,4910946
2912,5162722
2913,4811244
2914,4866693
2915,4670758
2916,4779403
2917,4579596
2918,4726949
2919,4677560
2920,4602558
2921,4708527
2922,4699089
2923,4731996
2924,4769254
2925,4826313
2926,4714263
2927,4745449
2928,6279914
2929,4933662
2930,5227031
2931,5060754
2932,4940152
2933,4808138
2934,5073122
2935,5037108
2936,5081850
2937,5040337
2938,5291136
2939,4939717
2940,5285557
2941,5050038
2942,5154173
2943,4749701
2944,6249595
2945,4872351
2946,4975663
2947,4787717
2948,4988196
2949,4770068
2950,4728895
2951,4632970
2952,6314177
2953,5198388
2954,4657554
2955,4679670
2956,4669995
2957,4847930
2958,4668070
2959,4620201
2960,6804001
2961,4909122
2962,4995080
2963,4796886
2964,4784424
2965,4973135
2966,4889484
2967,5024322
2968,5076151
2969,5127137
2970,5188179
2971,4929991
2972,4780775
2973,4885711
2974,5009907
2975,5091193
2976,6628497
2977,4893499
2978,4870687
2979,4873645
2980,4871440
2981,5088920
2982,4960681
2983,4684911
2984,4711618
2985,4855188
2986,4776344
2987,4404999
2988,4561795
2989,4617511
2990,5113549
2991,4720502
2992,4452017
2993,4775038
2994,4679932
2995,4714885
2996,4749656
2997,4704896
2998,4602971
2999,4768239
3000,4801182
3001,4714253
3002,4864685
3003,4805537
3004,4769572
3005,4772764
3006,4759193
3007,4754725
3008,4867389
3009,5095572
3010,5850684
3011,5122816
3012,4772274
3013,4936639
3014,5004025
3015,5141170
3016,5170702
3017,5116977
3018,5134707
3019,4914990
3020,5171517
3021,5612328
3022,5295341
3023,4719399
3024,4806376
3025,4773295
3026,4743956
3027,4706525
3028,5346394
3029,5327796
3030,4731484
3031,4687484
3032,4662030
3033,4841450
3034,4918711
3035,4716324
3036,4720179
3037,4837411
3038,4837708
3039,4944454
3040,4907336
3041,5825407
3042,6101731
3043,5190978
3044,4996782
3045,5060250
3046,5038838
3047,5124119
3048,5105943
3049,5146169
3050,5092650
3051,5013228
3052,5094488
3053,5300714
3054,5025169
3055,5039673
3056,5036331
3057,5178108
3058,5091857
3059,5078433
3060,4885905
3061,4767119
3062,4931502
3063,4952394
3064,4927337
3065,6407300
3066,4800204
3067,4787867
3068,4624288
3069,4720633
3070,4513865
3071,4729730
3072,4674342
3073,4725699
3074,6234090
3075,5339936
3076,4977175
3077,5729844
3078,5244254
3079,4807996
3080,4707422
3081,4821969
3082,4800849
3083,4865058
3084,5208565
3085,5141672
3086,4907460
3087,4972052
3088,5021821
3089,5143006
3090,4882512
3091,5140448
3092,5180063
3093,4997492
3094,5090072
3095,4976379
3096,5039973
3097,4935805
3098,5188277
3099,4784259
3100,4998867
3101,4934493
3102,5165260
3103,4970512
3104,4631836
3105,4700984
3106,4620692
3107,4731434
3108,4758684
3109,4531828
3110,4518648
3111,4595166
3112,4683534
3113,4810573
3114,4872377
3115,4761174
3116,4737141
3117,4952157
3118,5826192
3119,5109916
3120,4692149
3121,4776732
3122,4783295
3123,4679415
3124,4739606
3125,4926200
3126,4854686
3127,4739724
3128,5079817
3129,5101792
3130,4914243
3131,5085522
3132,5079196
3133,5093654
3134,4864588
3135,5256349
3136,5627861
3137,5186402
3138,4654256
3139,4859047
3140,4689870
3141,4858880
3142,4731494
3143,5256172
3144,5517876
3145,4764391
3146,4632226
3147,4492409
3148,4911510
3149,5534997
3150,5360769
3151,4995661
3152,4978914
3153,4852582
3154,4991621
3155,4992334
3156,4999291
3157,4988869
3158,4789877
3159,4845692
3160,4888386
3161,4763800
3162,5069470
3163,5069987
3164,5154166
3165,4847322
3166,5571744
3167,4781011
3168,5098038
3169,5101279
3170,5144095
3171,4895520
3172,4969749
3173,4762740
3174,5004661
3175,4876417
3176,4967896
3177,4923606
3178,4733843
3179,4761617
3180,4805577
3181,4919152
3182,4743440
3183,4798228
3184,4726667
3185,4707413
3186,4741629
3187,4733480
3188,4559881
3189,4647748
3190,4804362
3191,4722847
3192,4672979
3193,4872778
3194,4748818
3195,5675679
3196,8902942
3197,8265026
3198,6644114
3199,4925816
3200,4714698
3201,5031990
3202,4847594
3203,4778120
3204,4761822
3205,4739071
3206,4763535
3207,5015593
3208,5067526
3209,5091094
3210,4795506
3211,4781535
3212,4772086
3213,4915415
3214,4839347
3215,4825053
3216,4629254
3217,6309720
3218,4851439
3219,4787040
3220,4666591
3221,4762804
3222,4717153
3223,4718929
3224,4738237
3225,4664711
3226,5961712
3227,4801304
3228,4843057
3229,5500770
3230,7320875
3231,5173298
3232,5105522
3233,4987876
3234,4957274
3235,6574443
3236,5946177
3237,4959998
3238,4972395
3239,4899922
3240,4915432
3241,5062553
3242,5815170
3243,4677121
3244,4844153
3245,4909620
3246,4971160
3247,6006583
3248,4814589
3249,6187611
3250,4631610
3251,4488966
3252,4704817
3253,4644518
3254,5100333
3255,4777265
3256,4706405
3257,4766610
3258,4811207
3259,5888550
3260,5781656
3261,5326418
3262,6328857
3263,8294447
3264,8368734
3265,10247150
3266,8211822
3267,8274568
3268,8649725
3269,5529299
3270,4993393
3271,4699955
3272,4734425
3273,4881515
3274,5748101
3275,4971815
3276,5118106
3277,4753201
3278,5096864
3279,6183205
3280,5111958
3281,7870925
3282,4650221
3283,4825384
3284,4638543
3285,4971662
3286,4887582
3287,4725237
3288,4677584
3289,4572386
3290,4558642
3291,4768587
3292,4563929
3293,4552078
3294,4637132
3295,5039515
3296,4632534
3297,5392248
3298,5195616
3299,5640333
3300,5252945
3301,4938120
3302,5243072
3303,4874930
3304,5107395
3305,6124977
3306,5130930
3307,4928785
3308,4882167
3309,4905113
3310,4991934
3311,5035017
3312,4927406
3313,5023418
3314,4787430
3315,4806969
3316,5682788
3317,5367082
3318,4986507
3319,5097533
3320,4660411
3321,4832266
3322,4707928
3323,4917668
3324,4828054
3325,4761060
3326,4909665
3327,4838372
3328,4904649
3329,5753487
3330,4588635
3331,4605242
3332,4523787
3333,4657138
3334,4999651
3335,4920599
3336,5294027
3337,5491062
3338,4772547
3339,4799830
3340,4714023
3341,4866650
3342,6020753
3343,4819067
3344,4882482
3345,4806529
3346,4801340
3347,4854874
3348,4799235
3349,4919825
3350,4758099
3351,4858346
3352,4683908
3353,4867941
3354,4749913
3355,4922251
3356,4886794
3357,4941806
3358,4824152
3359,4856148
3360,4675539
3361,4714878
3362,4904106
3363,4677678
3364,4754118
3365,4936376
3366,4599397
3367,4718293
3368,4734463
3369,4599429
3370,4377663
3371,4441835
3372,4424041
3373,4530547
3374,4918408
3375,4712729
3376,4696521
3377,4848823
3378,5906035
3379,4894815
3380,4806369
3381,4754452
3382,4744517
3383,4786745
3384,4982492
3385,5029403
3386,4718906
3387,5094319
3388,4910523
3389,4927829
3390,4902682
3391,5549837
3392,5003912
3393,4946442
3394,4819496
3395,5098026
3396,4895789
3397,4808002
3398,4672941
3399,4688333
3400,4692545
3401,4583638
3402,4600376
3403,4530039
3404,4807122
3405,4744132
3406,4769031
3407,4401169
3408,4656729
3409,4628448
3410,4715440
3411,5041700
3412,4803974
3413,4880089
3414,4763967
3415,6068820
3416,4943066
3417,5067189
3418,5066292
3419,4977858
3420,4903911
3421,5068817
3422,4887190
3423,5084648
3424,5187324
3425,4844869
3426,5082967
3427,4896207
3428,4958731
3429,5062308
3430,5705403
3431,5011379
3432,4737030
3433,4885090
3434,4984663
3435,4831648
3436,4760493
3437,4732860
3438,4716476
3439,4758595
3440,4717321
3441,4817147
3442,4959617
3443,4779371
3444,4777973
3445,4812666
3446,4948025
3447,5029435
3448,4837549
3449,4713256
3450,5608274
3451,4951728
3452,4761529
3453,5352056
3454,5557806
3455,5247737
3456,4812736
3457,4711208
3458,4954109
3459,5147447
3460,4920713
3461,4761523
3462,4911373
3463,4811141
3464,4903606
3465,4922518
3466,5088359
3467,5053960
3468,5047465
3469,5427135
3470,4742130
3471,4656469
3472,5022510
3473,5004590
3474,4782674
3475,4671823
3476,4542563
3477,4633315
3478,4661272
3479,4452229
3480,4399034
3481,4454551
3482,4506627
3483,4919809
3484,4679498
3485,4549983
3486,4350818
3487,4479606
3488,4616525
3489,4813643
3490,5372912
3491,4805291
3492,4829671
3493,4890179
3494,4885480
3495,4954779
3496,4811670
3497,4824512
3498,4935567
3499,5363888
3500,5034167
3501,4797638
3502,4724725
3503,4931264
3504,4795468
3505,5140064
3506,5059846
3507,4880947
3508,4877931
3509,5424111
3510,4895462
3511,4967167
3512,4718695
3513,4719275
3514,4766231
3515,4618341
3516,4434378
3517,4512938
3518,4598918
3519,4830214
3520,4483835
3521,4823445
3522,6233355
3523,4737256
3524,4425586
3525,4514550
3526,4664406
3527,4757110
3528,5440229
3529,4770056
3530,4911223
3531,4777353
3532,5054494
3533,4823798
3534,4872082
3535,4805257
3536,4864539
3537,5010373
3538,6361812
3539,4731215
3540,4861125
3541,4791791
3542,4761045
3543,5002273
3544,4925257
3545,4836922
3546,4768581
3547,4929133
3548,4782806
3549,4959005
3550,4822574
3551,4714135
3552,4693723
3553,4798321
3554,7857366
3555,4629371
3556,4727312
3557,4674317
3558,4676505
3559,4882415
3560,4811611
3561,4503405
3562,4485481
3563,4518025
3564,4640799
3565,4767565
3566,4899312
3567,4851369
3568,4852248
3569,4877047
3570,4841531
3571,4868140
3572,4776614
3573,4893924
3574,4846485
3575,4980649
3576,5022709
3577,4786135
3578,5060327
3579,4828131
3580,5105114
3581,4871410
3582,5072863
3583,5008027
3584,4796031
3585,4924424
3586,5005825
3587,5127879
3588,5183428
3589,4741982
3590,4878303
3591,4715667
3592,4873996
3593,4704706
3594,4814352
3595,4743640
3596,4600311
3597,4690014
3598,4762380
3599,4805799
3600,4834288
3601,4770622
3602,4771658
3603,4705410
3604,4589505
3605,4700846
3606,4939161
3607,5278873
3608,5049995
3609,5224791
3610,5215568
3611,4930677
3612,5609054
3613,4986482
3614,4935039
3615,5105737
3616,5112975
3617,6650377
3618,6187074
3619,6380476
3620,5777065
3621,5245744
3622,5181291
3623,4936606
3624,5109870
3625,5066335
3626,4942831
3627,4906271
3628,4803773
3629,4986972
3630,4802807
3631,4702371
3632,4791300
3633,4689531
3634,4961666
3635,5574455
3636,4743580
3637,4625969
3638,4546825
3639,4405165
3640,4704408
3641,4575228
3642,4621183
3643,4766084
3644,4671464
3645,4721764
3646,4742344
3647,4904876
3648,5008695
3649,4816020
3650,4802310
3651,4824211
3652,4922347
3653,4862032
3654,4861495
3655,5176545
3656,4830613
3657,4967242
3658,5010850
3659,4709639
3660,4713455
3661,5081860
3662,5212167
3663,4954019
3664,4777703
3665,4860253
3666,4826988
3667,4965591
3668,4723035
3669,4708544
3670,4494433
3671,4820638
3672,4597687
3673,4472429
3674,5113790
3675,4735617
3676,4671956
3677,4608724
3678,4720000
3679,4728578
3680,4351167
3681,4532607
3682,4784954
3683,4816992
3684,4662427
3685,4805112
3686,4770350
3687,4952263
3688,4924221
3689,4858120
3690,4762534
3691,4867752
3692,4798518
3693,4901915
3694,4952204
3695,4813569
3696,5003328
3697,4829462
3698,4766956
3699,4866486
3700,5096045
3701,5129786
3702,5034407
3703,4812043
3704,4942329
3705,6378376
3706,4909747
3707,4704215
3708,4894640
3709,4705031
3710,4863712
3711,4737432
3712,5877628
3713,4785273
3714,4867767
3715,4813768
3716,4962053
3717,4960260
3718,4643129
3719,4722938
3720,4624592
3721,5357286
3722,4828481
3723,4757915
3724,5038646
3725,4693033
3726,4906115
3727,4999837
3728,4884996
3729,5021322
3730,5073487
3731,5300734
3732,5162424
3733,5023139
3734,4833482
3735,4689794
3736,4848759
3737,5917370
3738,5043283
3739,4947405
3740,4818477
3741,4804533
3742,4686572
3743,5216767
3744,4811276
3745,4781296
3746,4672972
3747,4687516
3748,4741727
3749,4892228
3750,5133838
3751,4668228
3752,4704297
3753,4649995
3754,4687892
3755,4695199
3756,4731182
3757,4635433
3758,4716557
3759,4568278
3760,4821250
3761,4768900
3762,4795471
3763,5506152
3764,5090697
3765,4921724
3766,4883432
3767,5075701
3768,4950296
3769,5105114
3770,5109399
3771,5006838
3772,4791500
3773,4874419
3774,4931157
3775,4915648
3776,4930390
3777,4930131
3778,4759255
3779,5216599
3780,5011344
3781,4945525
3782,5277171
3783,4921643
3784,4747796
3785,4773605
3786,4954285
3787,4974800
3788,5269534
3789,4707532
3790,4807455
3791,4705783
3792,4815690
3793,4704510
3794,4658814
3795,6327084
3796,4655785
3797,4608769
3798,4576431
3799,4685375
3800,5043215
3801,5249294
3802,4699668
3803,5952335
3804,5118885
3805,4766177
3806,4958686
3807,4971669
3808,4957288
3809,4898450
3810,5084062
3811,5027354
3812,5028994
3813,5038689
3814,5381025
3815,5199076
3816,4996521
3817,4977866
3818,4990874
3819,4925351
3820,4898108
3821,4897615
3822,5053911
3823,5016811
3824,5040456
3825,4928959
3826,4740398
3827,6262246
3828,5197826
3829,4809936
3830,4735344
3831,4693136
3832,4674767
3833,4640971
3834,4521200
3835,4693670
3836,4611044
3837,5005533
3838,4857111
3839,4677389
3840,4841307
3841,4688402
3842,4849435
3843,6223234
3844,4715056
3845,4682539
3846,4723041
3847,5217375
3848,5114614
3849,4871745
3850,4996285
3851,4878897
3852,4958038
3853,4852560
3854,5056732
3855,4995187
3856,4939616
3857,4736231
3858,4914849
3859,7856277
3860,4839829
3861,4693406
3862,4785398
3863,4646693
3864,4741572
3865,4771676
3866,5577585
3867,4739099
3868,4676707
3869,4595593
3870,4716310
3871,4775110
3872,4809806
3873,4696056
3874,4923905
3875,6383947
3876,4723313
3877,4748699
3878,4867135
3879,5655447
3880,5045978
3881,5000766
3882,4857994
3883,4789029
3884,4871602
3885,5022151
3886,4925821
3887,4830578
3888,4937160
3889,4782380
3890,4978739
3891,5141190
3892,5218308
3893,4806989
3894,4860879
3895,4695804
3896,4729810
3897,5004166
3898,4872380
3899,5041448
3900,4800764
3901,4688460
3902,4639739
3903,4622395
3904,4983234
3905,4707628
3906,4819809
3907,4542812
3908,4586389
3909,4723966
3910,4676927
3911,4414813
3912,4398564
3913,4706936
3914,5518666
3915,4598250
3916,4757561
3917,5219234
3918,5623331
3919,4929930
3920,4718960
3921,5020443
3922,4804235
3923,5244338
3924,5776733
3925,4971794
3926,4819335
3927,4785912
3928,4860540
3929,5121016
3930,5081598
3931,5129305
3932,4894957
3933,4858429
3934,4958780
3935,5950365
3936,4755784
3937,4815843
3938,4949050
3939,4604248
3940,4605241
3941,4772197
3942,4711722
3943,4587225
3944,4414338
3945,5733439
3946,4554998
3947,4697728
3948,4800533
3949,4783462
3950,4545994
3951,4915887
3952,5536435
3953,4677830
3954,4940305
3955,4891474
3956,5146224
3957,4986128
3958,4900395
3959,5082619
3960,4843047
3961,5168679
3962,5151466
3963,5105261
3964,5068908
3965,5070540
3966,5109983
3967,5233899
3968,5106039
3969,4949599
3970,4979073
3971,5032762
3972,4880302
3973,5933386
3974,4837152
3975,5083237
3976,4849725
3977,4627936
3978,4706711
3979,4658254
3980,5182718
3981,4853446
3982,4632752
3983,4686615
3984,4662642
3985,4687157
3986,4493278
3987,4465028
3988,4594830
3989,4688881
3990,5349325
3991,4970259
3992,5063478
3993,4986743
3994,6122203
3995,5055761
3996,4926467
3997,4922109
3998,4889825
3999,5037375
4000,5130008
4001,5127117
4002,5118182
4003,5052517
4004,4996024
4005,5308186
4006,5234295
4007,5148699
4008,5084176
4009,5029651
4010,4921935
4011,5425806
4012,4739586
4013,4962259
4014,4963837
4015,6322926
4016,5948508
4017,5925280
4018,4812548
4019,4911831
4020,4740649
4021,4752718
4022,4745560
4023,4798998
4024,4703668
4025,4732690
4026,4898342
4027,4529796
4028,4843187
4029,4974330
4030,4711467
4031,4731124
4032,4819852
4033,5806404
4034,4752725
4035,4762158
4036,4748631
4037,4884223
4038,4821577
4039,6360303
4040,4930535
4041,5120226
4042,5013314
4043,4833416
4044,5079255
4045,4944285
4046,4879892
4047,4993634
4048,4999358
4049,4798515
4050,4841436
4051,5969764
4052,5203617
4053,5307855
4054,4500067
4055,4540813
4056,4573566
4057,5513366
4058,5376640
4059,4888118
4060,4609829
4061,4517400
4062,4601521
4063,4755366
4064,4673130
4065,4411288
4066,5468134
4067,4737190
4068,4766320
4069,4725972
4070,4725468
4071,4909848
4072,4863263
4073,4927518
4074,4905270
4075,5108318
4076,5052273
4077,4912219
4078,5308828
4079,5165053
4080,4881392
4081,4924649
4082,4780428
4083,5377030
4084,5716410
4085,4971350
4086,5065235
4087,4600126
4088,4926805
4089,4980243
4090,4744311
4091,4691424
4092,4648038
4093,4705330
4094,4783938
4095,5168369
4096,6150454
4097,4640718
4098,4609425
4099,4701186
4100,4907083
4101,4902407
4102,4445753
4103,4579264
4104,6431385
4105,4876738
4106,4737954
4107,4769373
4108,4817074
4109,4641571
4110,4922982
4111,4731357
4112,5448537
4113,5077749
4114,4887447
4115,5035373
4116,4982800
4117,4916422
4118,4831681
4119,4974283
4120,4887583
4121,4911478
4122,4925628
4123,4934286
4124,4947509
4125,4788806
4126,4733896
4127,4844064
4128,4663303
4129,4617813
4130,4626842
4131,4662972
4132,4689227
4133,5552662
4134,5341549
4135,4915063
4136,4722980
4137,4709519
4138,4868485
4139,4753990
4140,4413242
4141,4601775
4142,4676336
4143,5447876
4144,4656240
4145,4627237
4146,4857536
4147,4957296
4148,6321206
4149,4962709
4150,5332496
4151,4769947
4152,4922323
4153,4861647
4154,4889202
4155,4788851
4156,4792160
4157,4857368
4158,4822622
4159,4786612
4160,5162355
4161,4879539
4162,4817806
4163,5004762
4164,6531947
4165,5064456
4166,4804129
4167,4742544
4168,4737513
4169,5140275
4170,4854703
4171,4730226
4172,5711922
4173,4666269
4174,4557416
4175,4349245
4176,4601301
4177,4629781
4178,4433810
4179,4373646
4180,6495181
4181,4325592
4182,5378806
4183,5853659
4184,4868816
4185,4711688
4186,4845478
4187,4651865
4188,4643105
4189,4909496
4190,5657101
4191,6050325
4192,4975726
4193,5022990
4194,4980871
4195,5053959
4196,7762185
4197,5210277
4198,5008884
4199,4879812
4200,5295529
4201,5936557
4202,4967792
4203,4854696
4204,4880716
4205,4789354
4206,4747257
4207,4710538
4208,5021775
4209,4826152
4210,4808574
4211,4816231
4212,6228951
4213,4513359
4214,4520874
4215,4416791
4216,4720113
4217,4672834
4218,4823425
4219,4735060
4220,4784196
4221,4828178
4222,4778709
4223,4758053
4224,4811575
4225,4801990
4226,5179534
4227,5016328
4228,8774938
4229,4922688
4230,4797581
4231,4942764
4232,5002689
4233,4928958
4234,5246309
4235,5161453
4236,4891850
4237,5114235
4238,4862260
4239,4985022
4240,4731720
4241,4927229
4242,4807960
4243,4681477
4244,5141588
4245,4860282
4246,5734987
4247,4720747
4248,4676664
4249,4732234
4250,5180893
4251,4652131
4252,4445125
4253,4498251
4254,4396511
4255,4755446
4256,4441837
4257,4635686
4258,4811309
4259,4853988
4260,4685142
4261,4775573
4262,4737052
4263,4760297
4264,5000152
4265,4918164
4266,4810337
4267,4898893
4268,4823368
4269,5075624
4270,5063694
4271,5019924
4272,4790900
4273,5288672
4274,4944293
4275,4989089
4276,5035964
4277,4968738
4278,4779180
4279,4844865
4280,4901476
4281,5067552
4282,4720554
4283,4716277
4284,4829206
4285,4584213
4286,4909465
4287,4724841
4288,4859571
4289,4714387
4290,4852863
4291,4650696
4292,4647726
4293,4641972
4294,4636667
4295,4383581
4296,4531348
4297,4628867
4298,4689976
4299,4779089
4300,4841479
4301,4874490
4302,4926077
4303,4902850
4304,4981330
4305,4968245
4306,4866140
4307,4953989
4308,5983042
4309,4723870
4310,4756524
4311,4830501
4312,4922198
4313,5026216
4314,5948549
4315,4761182
4316,4944781
4317,4830913
4318,5357383
4319,5830567
4320,4774155
4321,4762816
4322,4633052
4323,4791433
4324,4616529
4325,5065983
4326,5876678
4327,4717684
4328,5049704
4329,4730058
4330,4603113
4331,4509054
4332,4580176
4333,4585348
4334,4754139
4335,4696456
4336,4958514
4337,4656170
4338,4816819
4339,4777331
4340,4941245
4341,6158375
4342,8384508
4343,9090362
4344,5700613
4345,4974114
4346,4805338
4347,4851955
4348,4839692
4349,5101365
4350,5133198
4351,5136604
4352,5001878
4353,4844395
4354,4779207
4355,5210039
4356,5491542
4357,4778822
4358,4881846
4359,4693171
4360,4605641
4361,5104122
4362,4859663
4363,4782731
4364,4865572
4365,4754147
4366,4703908
4367,4756119
4368,4650035
4369,4432512
4370,4614280
4371,4682664
4372,4662410
4373,4830040
4374,4831305
4375,4848371
4376,4993939
4377,4805592
4378,4721816
4379,4865254
4380,4900044
4381,5003643
4382,5589101
4383,4902353
4384,4899764
4385,4931431
4386,4983253
4387,5109878
4388,5037355
4389,5094156
4390,4886644
4391,4871679
4392,4876849
4393,5501908
4394,5275368
4395,4898016
4396,4867391
4397,4823721
4398,4850231
4399,5153870
4400,5962758
4401,4641949
4402,5055926
4403,4770881
4404,4675782
4405,4720455
4406,4542868
4407,4435952
4408,4472785
4409,4684674
4410,4595828
4411,4704728
4412,4626604
4413,4897547
4414,4737193
4415,4760427
4416,4775211
4417,4710584
4418,4646778
4419,4707217
4420,4949375
4421,4925014
4422,4946473
4423,4700059
4424,4742867
4425,5093313
4426,6190347
4427,5043026
4428,4900089
4429,4831476
4430,4686490
4431,4782401
4432,5155159
4433,4756705
4434,5023219
4435,4839628
4436,4714919
4437,4727916
4438,4752495
4439,4611164
4440,4628038
4441,5053282
4442,5756662
4443,4623006
4444,4418777
4445,4598843
4446,4687534
4447,4639809
4448,4736625
4449,4684543
4450,4510172
4451,4711213
4452,4733875
4453,4783983
4454,4819122
4455,4628750
4456,4844670
4457,4714462
4458,4895075
4459,4811182
4460,4762538
4461,4873642
4462,4893417
4463,4784902
4464,4629620
4465,4727767
4466,4943201
4467,4776867
4468,5034352
4469,5030168
4470,4864296
4471,4812895
4472,4625211
4473,4792616
4474,5009504
4475,4756403
4476,4885363
4477,4831553
4478,4685009
4479,4827362
4480,4789683
4481,6497636
4482,4973132
4483,4716275
4484,4880835
4485,6210452
4486,4764311
4487,4565066
4488,4643551
4489,4394790
4490,4870749
4491,4734774
4492,4890199
4493,4918320
4494,4898850
4495,4894905
4496,4828483
4497,4830713
4498,4762054
4499,4877883
4500,4976953
4501,7059769
4502,4914111
4503,4886241
4504,4956292
4505,4845954
4506,5052163
4507,4867167
4508,4953168
4509,4794158
4510,4849724
4511,4915022
4512,4775469
4513,4455431
4514,4693676
4515,4702938
4516,4377807
4517,7962345
4518,6081089
4519,4826258
4520,4612293
4521,4583460
4522,4456805
4523,4422491
4524,4609186
4525,4398442
4526,4544945
4527,4456749
4528,4676970
4529,4685710
4530,4735371
4531,4647191
4532,4767871
4533,4832944
4534,4904094
4535,4741275
4536,4890044
4537,4845457
4538,4976762
4539,5372291
4540,5066664
4541,5379938
4542,4752368
4543,4860492
4544,5217448
4545,5019943
4546,4930790
4547,5090192
4548,4807047
4549,4923917
4550,6045909
4551,4657018
4552,4709748
4553,4869701
4554,4666447
4555,4941368
4556,4642308
4557,4914377
4558,4864447
4559,4667699
4560,4622401
4561,4396641
4562,4402956
4563,4542285
4564,4624293
4565,4540527
4566,5758284
4567,4887603
4568,4901321
4569,4935943
4570,5819659
4571,5172962
4572,4874905
4573,4729590
4574,4973980
4575,4865251
4576,6092141
4577,4839249
4578,4851843
4579,4734347
4580,4852895
4581,4847244
4582,5131139
4583,5443373
4584,5107557
4585,5082319
4586,4845205
4587,5018595
4588,6249210
4589,4782524
4590,4752997
4591,4790821
4592,4944491
4593,4809951
4594,4871157
4595,5410388
4596,4828325
4597,4558276
4598,4702261
4599,4569897
4600,4833435
4601,4782097
4602,4653003
4603,4621444
4604,4513089
4605,4507894
4606,4618770
4607,4819294
4608,4840859
4609,4757826
4610,4960028
4611,4836104
4612,4715930
4613,4814478
4614,4962462
4615,5131228
4616,4807389
4617,4913681
4618,4750048
4619,4920009
4620,4940808
4621,5141682
4622,5170982
4623,5170340
4624,4922947
4625,5124802
4626,5197499
4627,5245243
4628,4833199
4629,4760656
4630,4842195
4631,4743281
4632,5340369
4633,5832946
4634,4874555
4635,4731576
4636,4698674
4637,5380724
4638,4892470
4639,4833666
4640,4597588
4641,4628214
4642,4768820
4643,4563740
4644,4646622
4645,4787146
4646,4775632
4647,4671391
4648,4708231
4649,4972545
4650,4811157
4651,4781313
4652,4891900
4653,5427831
4654,4948984
4655,5719960
4656,5575493
4657,5063103
4658,5013090
4659,5213719
4660,5385196
4661,5395051
4662,5416622
4663,4934566
4664,5006825
4665,5092563
4666,4859759
4667,5107691
4668,4717172
4669,5043130
4670,4719175
4671,4595732
4672,4754279
4673,6429936
4674,4912512
4675,4695954
4676,4719028
4677,4756707
4678,4757083
4679,4859873
4680,4752798
4681,4651861
4682,4732175
4683,4899043
4684,4718701
4685,4661696
4686,4857814
4687,4923444
4688,4955366
4689,4786174
4690,4834356
4691,4765998
4692,4888733
4693,5031304
4694,4976607
4695,4809895
4696,4937228
4697,4662225
4698,4833551
4699,4849799
4700,4949007
4701,4919596
4702,4919452
4703,4765379
4704,4991616
4705,5012337
4706,4994874
4707,4954503
4708,4753329
4709,4695992
4710,4801860
4711,4800164
4712,4861938
4713,4718423
4714,4451061
4715,4601779
4716,4850698
4717,4395300
4718,4614894
4719,4377335
4720,4632127
4721,5058763
4722,4844006
4723,4766908
4724,4799856
4725,4875654
4726,4918748
4727,4972440
4728,4998945
4729,4712975
4730,4803186
4731,5612039
4732,5245600
4733,4948295
4734,4950327
4735,4880535
4736,4816033
4737,5086796
4738,5081763
4739,5115578
4740,5142228
4741,4925105
4742,6217348
4743,5073599
4744,5016208
4745,4960224
4746,4945692
4747,4540447
4748,4802791
4749,4764009
4750,5920363
4751,4916528
4752,4667471
4753,4660589
4754,5090770
4755,4660068
4756,4747028
4757,5222837
4758,4824340
4759,4934609
4760,4832389
4761,4833646
4762,4914932
4763,4708278
4764,4767261
4765,5132635
4766,5136582
4767,5021186
4768,5120830
4769,4945390
4770,4792127
4771,4939844
4772,5448037
4773,6569123
4774,5851006
4775,4841668
4776,4838493
4777,4800972
4778,5117356
4779,4804588
4780,4888750
4781,4935417
4782,4818492
4783,4802189
4784,4964552
4785,4697996
4786,4688676
4787,4690694
4788,4478253
4789,4858960
4790,7509194
4791,4855049
4792,4444002
4793,4898221
4794,4775836
4795,4414920
4796,4619460
4797,6468479
4798,7023772
4799,7495981
4800,4872741
4801,4770316
4802,4833259
4803,4735364
4804,4881953
4805,5124453
4806,6739118
4807,4897671
4808,4938779
4809,4732643
4810,4762358
4811,4787652
4812,5106267
4813,5054388
4814,5089370
4815,4953493
4816,4794740
4817,5127785
4818,5039274
4819,4977707
4820,4918681
4821,4638566
4822,7014804
4823,4859477
4824,4818347
4825,4728619
4826,4711609
4827,4679111
4828,4723896
4829,4952824
4830,4773539
4831,4629190
4832,4598592
4833,4763157
4834,4772817
4835,4723271
4836,4722836
4837,5062653
4838,5304128
4839,4901615
4840,4837736
4841,5009827
4842,4973026
4843,5138528
4844,5120144
4845,4886612
4846,5058269
4847,4862435
4848,4954088
4849,5713761
4850,5166281
4851,5055366
4852,5023117
4853,5073867
4854,4995855
4855,5003417
4856,5095801
4857,4938112
4858,4775175
4859,4733466
4860,4785937
4861,4709647
4862,4725219
4863,4928466
4864,4630263
4865,4780187
4866,4759605
4867,4689523
4868,4966593
4869,4617486
4870,4768028
4871,4802684
4872,4885699
4873,4981139
4874,4819080
4875,4873848
4876,4987359
4877,4827510
4878,4710429
4879,4728080
4880,5145674
4881,5314226
4882,5096143
4883,5176462
4884,4896790
4885,5234222
4886,5104833
4887,5540240
4888,5053667
4889,5013594
4890,4704092
4891,4934940
4892,4925853
4893,5135446
4894,4702292
4895,4916132
4896,4734784
4897,4738716
4898,4489419
4899,4733262
4900,4667827
4901,4622214
4902,4945162
4903,5154332
4904,4743675
4905,4768885
4906,4401632
4907,4379766
4908,4628685
4909,4706965
4910,4607414
4911,4814562
4912,5229303
4913,4884525
4914,4899840
4915,4900298
4916,5000543
4917,4851070
4918,5829969
4919,5579563
4920,4780142
4921,4978559
4922,4962729
4923,5145822
4924,5804094
4925,5241209
4926,5596623
4927,5050840
4928,5271243
4929,4872098
4930,5113701
4931,5104957
4932,4908682
4933,4812563
4934,4715310
4935,4749761
4936,4562712
4937,4721528
4938,4512551
4939,4671250
4940,4689430
4941,4963254
4942,5507286
4943,4940320
4944,4365960
4945,4758370
4946,5288013
4947,4697859
4948,4603537
4949,4895291
4950,6159662
4951,6196518
4952,4701333
4953,4775372
4954,4727092
4955,5012673
4956,5028429
4957,4814740
4958,5565991
4959,4960305
4960,6198417
4961,6951123
4962,5181775
4963,5130346
4964,5639792
4965,4869316
4966,4964141
4967,5114263
4968,5089655
4969,5334062
4970,4948713
4971,4953798
4972,4985609
4973,4678894
4974,4756330
4975,4730423
4976,4890449
4977,4877592
4978,4796921
4979,4764409
4980,4686594
4981,4349417
4982,4441045
4983,4767923
4984,5231103
4985,4648777
4986,4819250
4987,4667163
4988,4673359
4989,5020142
4990,4760699
4991,4873831
4992,4945590
4993,4760926
4994,5125496
4995,5029398
4996,5120992
4997,4875294
4998,5026746
4999,4919046
