0,31877528
1,41795265
2,7834104
0,25766778
1,14477424
2,9834599
3,5149338
4,5650772
5,4877410
6,4155138
7,4464212
8,4128380
9,4187091
10,5136241
11,5306633
12,4685679
13,4707385
14,4875629
15,4165703
16,4119060
17,6305527
18,5308217
19,17226634
20,7825338
21,7681765
22,7789157
23,6602035
24,3612166
25,4050697
26,4786574
27,4858808
28,3560260
29,4814138
30,3922074
31,4414768
32,3847323
33,4248841
34,5441830
35,5199644
36,5205220
37,5213423
38,5485600
39,10035566
40,4969699
41,5362290
42,5048132
43,5017785
44,6958563
45,3868217
46,5080617
47,5392450
48,4884677
49,5917409
50,6054801
51,4701793
52,3816758
53,4016263
54,4465609
55,5031288
56,5784244
57,5693316
58,4567212
59,5210457
60,5761560
61,4407033
62,4626380
63,4677966
64,4111262
65,5478927
66,5178483
67,6074108
68,6216959
69,6152271
70,6281873
71,5825144
72,5928552
73,5412830
74,4800619
75,5570908
76,4817613
77,4266010
78,4192064
79,5066753
80,5417702
81,5866967
82,5826303
83,5487534
84,5616573
85,5419404
86,5661627
87,5930140
88,5552219
89,5524260
90,5685561
91,8097911
92,5114391
93,4887316
94,4814466
95,4302670
96,3423706
97,3839206
98,3658211
99,3504595
100,3532681
101,3469298
102,3725315
103,4292018
104,4671848
105,4277167
106,3737412
107,3919874
108,3480687
109,3829860
110,3485857
111,3482620
112,3551500
113,3436097
114,3369794
115,4378386
116,4275720
117,4239907
118,4452457
119,5384500
120,3795135
121,3564827
122,3729380
123,4176112
124,3473208
125,3321237
126,3580721
127,3484312
128,3455090
129,3451873
130,3452188
131,3639896
132,3634802
133,3444608
134,5218448
135,3516099
136,3429063
137,3334121
138,3373491
139,3412658
140,3499641
141,3406057
142,3391968
143,3317924
144,3506587
145,3862056
146,3389968
147,3379380
148,3246064
149,3408527
150,3217587
151,3171840
152,3121769
153,3073763
154,3302950
155,4286123
156,3473218
157,3364728
158,3339509
159,3316538
160,3370993
161,3424743
162,3451823
163,3341836
164,3406860
165,3329988
166,3088101
167,3098991
168,3175018
169,3056229
170,3213298
171,3120491
172,3091136
173,3125805
174,3163225
175,3526032
176,5185334
177,3372188
178,3331825
179,3436175
180,3626458
181,3503799
182,3446869
183,3387134
184,3346995
185,3427111
186,3331673
187,3562115
188,3393083
189,3626949
190,3544793
191,3326362
192,3382723
193,3356045
194,3411001
195,3297847
196,3435831
197,3413555
198,3480178
199,3438950
200,3420417
201,3389083
202,3333601
203,3361398
204,3494803
205,3177644
206,3212142
207,3133306
208,3485461
209,3449301
210,3252760
211,3102668
212,3211969
213,3260086
214,3320533
215,3265519
216,3194964
217,3088019
218,3323453
219,5246554
220,3369908
221,3327225
222,3247018
223,3153178
224,3105676
225,3248559
226,3097550
227,3184262
228,3302705
229,3178587
230,3091020
231,3077411
232,3408522
233,3471088
234,3492540
235,3335766
236,3398747
237,3421212
238,3530970
239,3327458
240,3400615
241,3458867
242,3464275
243,3520982
244,3435728
245,3325047
246,3455528
247,3617699
248,3537220
249,3248047
250,3295284
251,3399264
252,3244072
253,3380461
254,3356266
255,3336033
256,3501580
257,3422562
258,3411925
259,3313842
260,3313020
261,5410659
262,3301541
263,3249817
264,3249946
265,3427744
266,3424029
267,3176485
268,3093385
269,3265287
270,3703241
271,4235739
272,3313881
273,3213769
274,3117042
275,3393250
276,3388771
277,3283487
278,3219129
279,3133743
280,3119054
281,3110830
282,3118614
283,3200744
284,3078030
285,3207553
286,3148202
287,3202199
288,3089484
289,3079302
290,3282391
291,3522186
292,3426464
293,3287375
294,3300400
295,3394595
296,3580254
297,3566563
298,3479044
299,3474148
300,3438760
301,3479508
302,3441997
303,3312597
304,5381066
305,3600759
306,3287122
307,3351823
308,3403302
309,3444455
310,3473101
311,3282417
312,3384749
313,3625517
314,3770361
315,3343401
316,3283339
317,3449005
318,3405150
319,3421326
320,3248062
321,3241970
322,3202088
323,3698965
324,3168264
325,3172684
326,3154420
327,3172761
328,3147393
329,3119428
330,3115363
331,3088296
332,3084055
333,3567363
334,3355965
335,3182490
336,3126078
337,3266452
338,3314946
339,3149802
340,3121781
341,3215419
342,3154412
343,3211759
344,3094033
345,3113515
346,5374850
347,3511193
348,3959578
349,3666860
350,3474864
351,3478158
352,3518920
353,3519928
354,3465918
355,3394668
356,3590688
357,3433570
358,3275904
359,3398768
360,3433555
361,3512086
362,3573601
363,3383700
364,3406615
365,3379032
366,3496350
367,3482370
368,3438906
369,3349613
370,3307686
371,3610182
372,3374336
373,3444147
374,3591999
375,3590675
376,3523060
377,3396522
378,3260598
379,3159809
380,3554581
381,3496965
382,3138460
383,3144595
384,3180674
385,3258791
386,3284526
387,3160849
388,5503444
389,3248900
390,3348140
391,3123494
392,3100179
393,3076105
394,3268260
395,3245313
396,3134209
397,3115561
398,3181191
399,3091191
400,3306148
401,3112016
402,3144145
403,3073536
404,3080041
405,3218500
406,3268239
407,4620225
408,3683041
409,3446444
410,3569746
411,3317389
412,3472438
413,3489123
414,3498437
415,3542176
416,3470027
417,3745954
418,4547311
419,4802285
420,4839191
421,4030753
422,3330463
423,3421670
424,3313488
425,3434769
426,3282043
427,3592854
428,3470836
429,3384883
430,3288465
431,5209924
432,3437986
433,3424690
434,3412486
435,3153123
436,3434909
437,3373027
438,3129793
439,3115972
440,3186101
441,3200784
442,3136956
443,3071066
444,3216152
445,3061845
446,3312204
447,3466036
448,3251712
449,3201283
450,3111856
451,3197416
452,3135576
453,3103751
454,3108175
455,3182036
456,3098852
457,3277815
458,3171973
459,3109603
460,3104322
461,3066508
462,3243936
463,3279886
464,4270244
465,3486647
466,3447099
467,3577423
468,3408231
469,3267444
470,3239276
471,3437260
472,3427559
473,5039048
474,3351238
475,3378482
476,3500591
477,3404870
478,3287605
479,3464727
480,3597344
481,3477403
482,3382695
483,3459634
484,3321962
485,3571568
486,3459764
487,3331314
488,3410430
489,3355598
490,3324735
491,3317300
492,3494218
493,3306135
494,3167709
495,3615160
496,3298643
497,3132172
498,3170541
499,3192847
500,3148171
501,3165668
502,3362513
503,3289878
504,3071485
505,3675293
506,3294266
507,3264117
508,3279171
509,3170342
510,3126588
511,3133100
512,3405744
513,3091747
514,3100783
515,3422074
516,4925566
517,3145891
518,3110908
519,3316589
520,3130145
521,3268834
522,4150043
523,3435435
524,3607881
525,3524054
526,3423241
527,3463929
528,3319604
529,3455048
530,3296467
531,3500451
532,3363792
533,3526056
534,3426404
535,3360023
536,3365334
537,3337092
538,3512604
539,3358187
540,3315567
541,3341920
542,3340192
543,3490420
544,3429143
545,4472863
546,4986503
547,4812732
548,3715504
549,3562651
550,3411487
551,3727718
552,3562882
553,3181852
554,3091817
555,3200860
556,3389542
557,3664231
558,4793631
559,3110110
560,3108032
561,3426772
562,3496035
563,3153830
564,3204261
565,3212200
566,3223120
567,3208572
568,3184385
569,3136453
570,3068946
571,3192029
572,3071433
573,3106843
574,3089190
575,3079774
576,3280588
577,3169156
578,3191968
579,5016303
580,5206170
581,5150453
582,4134922
583,3230306
584,3504240
585,3250343
586,3282270
587,3348039
588,3234077
589,3773159
590,3631462
591,3482254
592,3319871
593,3401676
594,3454097
595,3268155
596,3353118
597,3392824
598,3359374
599,3631343
600,4634750
601,3272076
602,3323890
603,3440410
604,3496893
605,3325170
606,3478544
607,3142109
608,3944963
609,3335523
610,3107742
611,3088049
612,3156051
613,3165390
614,3102582
615,3057226
616,3243815
617,3146398
618,3589841
619,3179810
620,3128197
621,3065356
622,3067270
623,3192016
624,3190388
625,3146694
626,3205258
627,3062623
628,3206044
629,3084578
630,3075563
631,3078775
632,3095813
633,3048880
634,3267825
635,3251407
636,3514354
637,3422071
638,4284534
639,5187950
640,3715446
641,3377443
642,3350203
643,4505496
644,3386583
645,3335620
646,3376224
647,3441076
648,3925100
649,3469278
650,3345353
651,3522866
652,3417183
653,3539318
654,3455404
655,3334170
656,3388804
657,3832659
658,3460241
659,3280225
660,3374470
661,3482515
662,3335986
663,3365581
664,3695271
665,3451267
666,4022134
667,3537256
668,3310473
669,3153396
670,3279262
671,3304654
672,3176864
673,3139652
674,3116617
675,3075336
676,3514936
677,3209281
678,3137455
679,3148230
680,3139744
681,3278444
682,3134173
683,3184991
684,3273571
685,4533658
686,3223735
687,3116989
688,3072287
689,3076346
690,3071865
691,3224378
692,3249642
693,3083146
694,3059006
695,3055567
696,3235151
697,3347314
698,3436354
699,3392573
700,3393919
701,3437659
702,3467862
703,3362085
704,3374173
705,3328472
706,3413658
707,3309218
708,3304553
709,3279707
710,3339507
711,3561837
712,3373812
713,3320671
714,3246985
715,3427074
716,3411807
717,3468608
718,3294700
719,3253037
720,3482307
721,3790643
722,3324040
723,3422884
724,3388934
725,3358950
726,3477930
727,3321328
728,4087206
729,3114170
730,4264975
731,3238926
732,3263770
733,3147252
734,3380393
735,3167381
736,3237634
737,3065004
738,3233922
739,3054854
740,3472728
741,3348564
742,3169535
743,3133880
744,3126446
745,3185993
746,3090912
747,3064999
748,3161215
749,3065083
750,3214554
751,3233709
752,3216743
753,3092631
754,3074140
755,3323342
756,3817293
757,3509505
758,3259411
759,3377901
760,4029934
761,3392394
762,3338761
763,3307709
764,3342161
765,3367394
766,3294179
767,3256315
768,3340464
769,3434538
770,3928610
771,3471309
772,3520970
773,3435057
774,3482560
775,3413805
776,3325878
777,3401772
778,3239381
779,3478735
780,3574360
781,3282528
782,3300846
783,3265212
784,3270289
785,3460400
786,3238649
787,3120285
788,3061787
789,3497753
790,3450749
791,3319481
792,3314543
793,3336614
794,3341820
795,3080713
796,3104501
797,3382589
798,3275386
799,3481489
800,3145838
801,3130180
802,3087373
803,3053905
804,3198042
805,3066570
806,3084754
807,3191103
808,3327160
809,3259955
810,3127937
811,3197999
812,3283404
813,3747054
814,3302884
815,3081106
816,3238015
817,3496493
818,3404591
819,3349555
820,3451457
821,3429203
822,3235731
823,3361219
824,3362539
825,3361773
826,3322182
827,3393849
828,3314046
829,3583099
830,3591475
831,3510442
832,3363641
833,3381127
834,3307106
835,3384309
836,3246572
837,3411300
838,3403260
839,3494526
840,3457737
841,3312254
842,3302411
843,3388866
844,3409038
845,3408353
846,3436544
847,3124738
848,3792418
849,4043787
850,3526136
851,3085601
852,3137212
853,3165774
854,3195942
855,3834756
856,3264130
857,3100252
858,3438913
859,3148471
860,3240532
861,3239897
862,3179395
863,3247079
864,3113182
865,3112424
866,3071535
867,3101587
868,3192829
869,3092422
870,3141778
871,3084945
872,3068922
873,3218760
874,3192282
875,3096507
876,3270699
877,3424098
878,3384056
879,3511752
880,3446040
881,3356350
882,3309690
883,3416001
884,3405717
885,3298959
886,3375337
887,3307688
888,3400398
889,3424177
890,3313331
891,3297948
892,3457952
893,3368426
894,3365025
895,3456734
896,3351999
897,3264629
898,3872129
899,3436428
900,3295960
901,3321445
902,3478509
903,3490791
904,3363801
905,3446692
906,3262033
907,3190066
908,3545203
909,3221880
910,3090419
911,3050290
912,3138606
913,3163872
914,3066590
915,3057690
916,3203448
917,3115124
918,3455303
919,3183110
920,3144267
921,3132451
922,3162501
923,3173540
924,3079750
925,3077039
926,3165703
927,3084384
928,3221890
929,3205739
930,3193204
931,3116139
932,3513259
933,4249099
934,3422722
935,3237819
936,3534989
937,3543177
938,3501798
939,3375772
940,3755038
941,3261453
942,3216690
943,3479004
944,3331897
945,3250058
946,3381466
947,3333258
948,3437429
949,3427046
950,3275666
951,3416039
952,3336713
953,3492618
954,3239979
955,3278124
956,3207141
957,3406419
958,3445225
959,3534931
960,3296118
961,3337247
962,3445126
963,3502975
964,3338346
965,3344812
966,3312293
967,3232083
968,3176171
969,3134474
970,3091363
971,3083679
972,3360371
973,3427664
974,3129275
975,3138671
976,3101376
977,3306059
978,3229968
979,3065990
980,3187846
981,3137790
982,3818170
983,3416867
984,3122712
985,3227379
986,3264663
987,3272228
988,3264318
989,3359739
990,3386321
991,3209176
992,3349001
993,3220432
994,3233390
995,3152000
996,3289649
997,3481341
998,3433836
999,3332528
1000,3324353
1001,3338610
1002,3850058
1003,3610331
1004,3362868
1005,3241185
1006,3342776
1007,3485063
1008,3333503
1009,3373642
1010,3368118
1011,3453828
1012,3459378
1013,3391095
1014,3225050
1015,3246007
1016,3283829
1017,3387280
1018,3397374
1019,3339900
1020,3321998
1021,3455868
1022,3391133
1023,3316007
1024,3372773
1025,3975469
1026,3505709
1027,3203437
1028,3135292
1029,3546877
1030,3400190
1031,3575966
1032,3300179
1033,3118571
1034,3119952
1035,3064535
1036,3184142
1037,3170474
1038,3093199
1039,3160804
1040,3147580
1041,3404695
1042,3349547
1043,3132693
1044,3070871
1045,3056542
1046,3197178
1047,3192360
1048,3216748
1049,3262787
1050,3165274
1051,3090627
1052,3241916
1053,3070226
1054,3062212
1055,3065367
1056,3162782
1057,3526209
1058,3482095
1059,3389100
1060,3378748
1061,3456657
1062,3631698
1063,3502491
1064,3386016
1065,3533977
1066,3485900
1067,3832675
1068,3390592
1069,3300942
1070,3348588
1071,3585642
1072,3436034
1073,3305792
1074,3245168
1075,3285079
1076,3417467
1077,3460398
1078,3579288
1079,3496370
1080,3388900
1081,3900429
1082,3486204
1083,3416595
1084,3518741
1085,3500263
1086,3457762
1087,3343645
1088,3162302
1089,3065126
1090,3729358
1091,3450924
1092,3318432
1093,3290728
1094,3226215
1095,3312464
1096,3083205
1097,3083892
1098,3168915
1099,3131451
1100,3385828
1101,3243937
1102,3098342
1103,3070778
1104,3088051
1105,3197451
1106,3270206
1107,3289004
1108,3332432
1109,3351695
1110,3627941
1111,3122686
1112,3266178
1113,3143188
1114,3320859
1115,3486388
1116,3896304
1117,3479240
1118,3423159
1119,3419792
1120,3650347
1121,3421008
1122,3293890
1123,3275507
1124,3451496
1125,3436367
1126,3332946
1127,3317196
1128,3562437
1129,3464343
1130,3430510
1131,3260741
1132,3220680
1133,3209782
1134,3405033
1135,3388220
1136,3249815
1137,3388851
1138,3325251
1139,3365863
1140,3432228
1141,3325394
1142,3238828
1143,3287064
1144,3338666
1145,3633275
1146,4032777
1147,3241563
1148,3127571
1149,3725646
1150,3385201
1151,3323680
1152,3709636
1153,3178078
1154,3229212
1155,3390100
1156,3061128
1157,3204626
1158,3147032
1159,3550423
1160,3211104
1161,3139550
1162,3084087
1163,3132852
1164,3147557
1165,3214698
1166,3266017
1167,3087260
1168,3249815
1169,3098339
1170,3057181
1171,3050140
1172,3106565
1173,3193135
1174,3387844
1175,3334749
1176,3298727
1177,3307758
1178,3515597
1179,3582362
1180,3321280
1181,3271412
1182,3346110
1183,3284458
1184,3322235
1185,3314503
1186,3409116
1187,3364149
1188,3669579
1189,3443847
1190,3403897
1191,3454086
1192,3477328
1193,3457329
1194,3443035
1195,3947793
1196,3481854
1197,3595115
1198,3440931
1199,3530012
1200,3434534
1201,3480437
1202,3497207
1203,3546774
1204,3172789
1205,3196357
1206,3234089
1207,3538050
1208,3335000
1209,3114870
1210,3121233
1211,3254066
1212,3145390
1213,3153829
1214,3059592
1215,3231578
1216,3197881
1217,3567803
1218,3460147
1219,3092990
1220,3155701
1221,3117281
1222,3180860
1223,3170338
1224,3209307
1225,3127200
1226,3162532
1227,3483854
1228,3445773
1229,3178316
1230,3092245
1231,3128137
1232,3451802
1233,4028709
1234,3461740
1235,3414300
1236,3511028
1237,4078317
1238,3266630
1239,3387166
1240,3403644
1241,3537306
1242,3477937
1243,3297819
1244,3426942
1245,3484446
1246,3369749
1247,3425486
1248,3301728
1249,3312053
1250,3322822
1251,3515725
1252,3556326
1253,3314791
1254,3396828
1255,3339956
1256,3414284
1257,3467112
1258,3352868
1259,3318847
1260,3476567
1261,3865712
1262,3483002
1263,3267824
1264,3159658
1265,3330682
1266,3217511
1267,3187480
1268,3257350
1269,3317975
1270,3784349
1271,3476411
1272,3170787
1273,3238311
1274,3242100
1275,3303481
1276,3304945
1277,3824425
1278,3760107
1279,3284119
1280,3582806
1281,3135278
1282,3156202
1283,3122125
1284,3167704
1285,3275252
1286,3106166
1287,3160432
1288,3166705
1289,3128531
1290,3379433
1291,3748526
1292,3350171
1293,3448401
1294,3260435
1295,3636048
1296,3336728
1297,3308939
1298,3296724
1299,3411131
1300,3353317
1301,3300606
1302,3309687
1303,3501057
1304,3491905
1305,3534961
1306,3347902
1307,3280693
1308,3298914
1309,3464086
1310,3314207
1311,3354730
1312,3389305
1313,3245348
1314,3505352
1315,3437526
1316,3317114
1317,3223996
1318,3791913
1319,3660317
1320,3418975
1321,3289905
1322,3229865
1323,3127120
1324,3527385
1325,3223841
1326,3088599
1327,3064766
1328,3154828
1329,3180949
1330,3104116
1331,3089906
1332,3222453
1333,3119905
1334,3295737
1335,3295497
1336,3126965
1337,3056476
1338,3050137
1339,3235527
1340,3333296
1341,3214374
1342,3244596
1343,3080927
1344,3211755
1345,3303697
1346,3106808
1347,3085059
1348,3062871
1349,3066072
1350,3275619
1351,3097372
1352,3792043
1353,3344932
1354,3395533
1355,3799570
1356,3303766
1357,3234053
1358,3789480
1359,3571265
1360,3398608
1361,3430176
1362,3404711
1363,3432681
1364,3521732
1365,3482788
1366,3383374
1367,3271439
1368,3349370
1369,3401778
1370,3266562
1371,3354138
1372,3496397
1373,3245492
1374,3583354
1375,3544321
1376,3429965
1377,3401977
1378,3418046
1379,3405598
1380,3289801
1381,3442978
1382,3251295
1383,3350464
1384,3419727
1385,3312923
1386,3271261
1387,3148577
1388,3263097
1389,3113298
1390,3074699
1391,3045840
1392,3180773
1393,3166515
1394,3573748
1395,3149911
1396,3135758
1397,3166119
1398,3169844
1399,3984201
1400,3126534
1401,3232124
1402,3204321
1403,3124936
1404,3759653
1405,3137532
1406,3098943
1407,3183264
1408,3236568
1409,3276083
1410,3215573
1411,3091961
1412,3393981
1413,3361799
1414,4013190
1415,3442376
1416,3252767
1417,3277546
1418,3444347
1419,3358741
1420,3301417
1421,3291387
1422,3325054
1423,3567675
1424,3644516
1425,3413477
1426,3491804
1427,3513909
1428,3495677
1429,3436547
1430,3394031
1431,3536684
1432,3412509
1433,3491755
1434,3382965
1435,3363268
1436,3243878
1437,3360835
1438,3467784
1439,4400115
1440,3668909
1441,3386776
1442,3630723
1443,3279357
1444,3207155
1445,3229437
1446,3227446
1447,3277126
1448,3308993
1449,3060853
1450,3067751
1451,3107893
1452,3296516
1453,3322381
1454,3260258
1455,3072580
1456,3141647
1457,3377903
1458,3265762
1459,3098366
1460,3120348
1461,3111750
1462,3185225
1463,3130859
1464,3063165
1465,3065289
1466,3052010
1467,3056572
1468,3266437
1469,3168075
1470,3163734
1471,3070865
1472,3368483
1473,3503852
1474,3312803
1475,3490283
1476,3285530
1477,3453036
1478,3345673
1479,3497364
1480,3370382
1481,3337993
1482,3517000
1483,3355267
1484,3276822
1485,3247910
1486,3366719
1487,3520606
1488,3498033
1489,3362985
1490,3403894
1491,3270196
1492,3404819
1493,3398153
1494,3297949
1495,3392086
1496,3352000
1497,3589773
1498,3469612
1499,3309118
1500,3263816
1501,3346182
1502,3423092
1503,3196664
1504,3116415
1505,3160034
1506,3140040
1507,3525151
1508,3142685
1509,3108926
1510,3057969
1511,3113049
1512,3189833
1513,3131878
1514,3079120
1515,3175861
1516,3143282
1517,3421710
1518,3311903
1519,3103696
1520,3884237
1521,3103957
1522,3484721
1523,3725632
1524,3873986
1525,3169166
1526,3180050
1527,3269458
1528,3126820
1529,3166655
1530,3271098
1531,3241406
1532,3555889
1533,3563345
1534,3560046
1535,3371924
1536,3408458
1537,3471972
1538,3312396
1539,3314553
1540,3281500
1541,3408230
1542,3468446
1543,3415994
1544,3274388
1545,3321573
1546,3486136
1547,3356556
1548,3374377
1549,3419326
1550,3388019
1551,3578648
1552,3532519
1553,3337521
1554,3275201
1555,3271479
1556,3307598
1557,3477461
1558,3344820
1559,3294277
1560,3982171
1561,3595545
1562,3258831
1563,3132982
1564,3116207
1565,3246844
1566,3269413
1567,3177808
1568,3062925
1569,3260164
1570,3077026
1571,3578569
1572,3126238
1573,3127251
1574,3064878
1575,3082835
1576,3230196
1577,3241278
1578,3138740
1579,3332371
1580,3225613
1581,3482326
1582,3296911
1583,3163471
1584,3305850
1585,3198356
1586,3455467
1587,3153794
1588,3101990
1589,3201608
1590,3150672
1591,3384236
1592,3453455
1593,3388003
1594,3312508
1595,3306073
1596,3499469
1597,3422364
1598,4073736
1599,3215811
1600,3333961
1601,3307060
1602,3327447
1603,3271639
1604,3223010
1605,3255040
1606,3614389
1607,3460890
1608,3390536
1609,3387247
1610,3424227
1611,3481537
1612,3436600
1613,3443389
1614,3441151
1615,3650647
1616,3509105
1617,3534028
1618,3492302
1619,3456707
1620,3536289
1621,3505635
1622,3222613
1623,3190939
1624,3141099
1625,3531503
1626,3135225
1627,3080130
1628,3059869
1629,3133260
1630,3203637
1631,3088289
1632,3082749
1633,3163221
1634,3054572
1635,3206138
1636,3125787
1637,3577924
1638,3211435
1639,3165498
1640,3777486
1641,3551633
1642,3153753
1643,3077632
1644,3091760
1645,3337473
1646,3221043
1647,3111103
1648,3091997
1649,3068794
1650,3259398
1651,3082041
1652,3279585
1653,3367614
1654,3390679
1655,3484716
1656,3583559
1657,3392256
1658,3255379
1659,3283874
1660,3458273
1661,3337555
1662,3404379
1663,3411770
1664,3286123
1665,3552661
1666,4685026
1667,4277891
1668,4215978
1669,4346533
1670,3452765
1671,3266505
1672,3409918
1673,3497933
1674,3579785
1675,3927475
1676,3460934
1677,3455237
1678,3471616
1679,3317660
1680,3458063
1681,3340961
1682,3107896
1683,3741292
1684,3127343
1685,3088730
1686,3074746
1687,3104898
1688,3241627
1689,3155101
1690,3094688
1691,3168123
1692,3071228
1693,3339668
1694,3136843
1695,3131092
1696,3311513
1697,3109351
1698,3188260
1699,3178747
1700,3144264
1701,3218615
1702,3235717
1703,3222675
1704,3354319
1705,3237239
1706,3118159
1707,3161192
1708,3142048
1709,3455457
1710,3182917
1711,3531947
1712,4698435
1713,5107088
1714,4344445
1715,4434385
1716,4280754
1717,4709360
1718,3751912
1719,3272205
1720,3389937
1721,3456139
1722,3473516
1723,3361219
1724,3471229
1725,3367793
1726,3581380
1727,3438864
1728,3393467
1729,3299639
1730,3344839
1731,3358273
1732,3359410
1733,4370136
1734,3850983
1735,3527675
1736,3322922
1737,3349308
1738,3488825
1739,3305979
1740,3115295
1741,3083403
1742,3082583
1743,3193478
1744,3083027
1745,3518604
1746,3153764
1747,3190605
1748,3122787
1749,3069434
1750,3190078
1751,3775448
1752,3185548
1753,3332714
1754,3205198
1755,3365860
1756,3174102
1757,3070861
1758,3079001
1759,3047868
1760,3192580
1761,3511028
1762,3197789
1763,3300047
1764,3152592
1765,3385986
1766,3414215
1767,3188964
1768,3092923
1769,3290355
1770,3498246
1771,3312058
1772,3280495
1773,3338275
1774,3378653
1775,4139629
1776,4782690
1777,4292280
1778,4236192
1779,4193292
1780,4140840
1781,4302581
1782,3298024
1783,3563565
1784,3483702
1785,3366147
1786,3305842
1787,3328402
1788,3339155
1789,3362696
1790,4691354
1791,4240712
1792,4645311
1793,4582688
1794,3934001
1795,3467458
1796,3195486
1797,3106702
1798,3066817
1799,3179423
1800,3067599
1801,3535618
1802,3337418
1803,3180279
1804,3119550
1805,3115067
1806,3238138
1807,3127531
1808,3102339
1809,3202360
1810,3318241
1811,3384636
1812,3126552
1813,3111318
1814,3308638
1815,3744982
1816,3430395
1817,3464551
1818,3185217
1819,3087322
1820,3197188
1821,3335370
1822,3065128
1823,3075154
1824,3077042
1825,3821571
1826,4915793
1827,4760816
1828,5318853
1829,4405749
1830,3765495
1831,3323224
1832,3377762
1833,3499467
1834,3520125
1835,3345744
1836,3271154
1837,3405042
1838,3587948
1839,3432816
1840,3425001
1841,3393299
1842,3640061
1843,4847735
1844,4230649
1845,4200962
1846,4682311
1847,4597338
1848,4248327
1849,4133978
1850,4624159
1851,3470467
1852,3267808
1853,3117301
1854,3301881
1855,3456288
1856,3254275
1857,3158906
1858,3168946
1859,3190029
1860,3213318
1861,3205265
1862,3131714
1863,3087554
1864,3243468
1865,3182514
1866,3760951
1867,3169915
1868,3093105
1869,3079851
1870,3132936
1871,3235771
1872,3285467
1873,3094068
1874,3194989
1875,3178520
1876,3488636
1877,3263379
1878,3096405
1879,3066289
1880,3049785
1881,3849743
1882,4895816
1883,4279554
1884,4219874
1885,4692269
1886,4785893
1887,3586829
1888,3303986
1889,3428409
1890,3394139
1891,3366445
1892,3395966
1893,3537749
1894,3714749
1895,3470477
1896,3279409
1897,3258417
1898,3322017
1899,3376596
1900,3326739
1901,3275322
1902,3598185
1903,3942159
1904,4438192
1905,3405838
1906,3379962
1907,3330626
1908,3501451
1909,3360759
1910,3128054
1911,3135444
1912,3118019
1913,3646138
1914,3112989
1915,3094439
1916,3058148
1917,3181261
1918,3195685
1919,3163356
1920,3229197
1921,3219675
1922,3251421
1923,3303206
1924,3270182
1925,3187236
1926,3079212
1927,3123013
1928,3212896
1929,3500130
1930,3145820
1931,3069810
1932,3080298
1933,3128071
1934,3358250
1935,3147136
1936,3115248
1937,3076116
1938,3109652
1939,3367587
1940,3486047
1941,3495682
1942,4212219
1943,3488950
1944,3543658
1945,3291587
1946,3295590
1947,3457774
1948,3384728
1949,3437156
1950,3411212
1951,3504213
1952,3309785
1953,3547711
1954,3613853
1955,3353282
1956,3308672
1957,3441404
1958,3324769
1959,3419952
1960,3465545
1961,3460962
1962,3570891
1963,3587642
1964,3510504
1965,3539601
1966,3377444
1967,3445027
1968,3435037
1969,3410964
1970,3185753
1971,3196429
1972,3820607
1973,3211617
1974,3117892
1975,3069846
1976,3111114
1977,3238934
1978,3143042
1979,3116867
1980,3220519
1981,3973731
1982,3295570
1983,3120396
1984,3254653
1985,3090235
1986,3271024
1987,3241141
1988,3357624
1989,3237047
1990,3154053
1991,3168681
1992,3276701
1993,3345961
1994,3158416
1995,3091895
1996,3076908
1997,3195591
1998,3211448
1999,3846665
2000,3455277
2001,3415051
2002,3569740
2003,3382361
2004,3299661
2005,3294478
2006,3328857
2007,3362369
2008,3327039
2009,3220601
2010,3343012
2011,3258373
2012,4102926
2013,3549820
2014,3300807
2015,3296095
2016,3565685
2017,3452714
2018,3481491
2019,4099453
2020,3363039
2021,3899426
2022,3395214
2023,3246453
2024,3264697
2025,3407249
2026,3400509
2027,3442222
2028,3289376
2029,3200928
2030,3159046
2031,3879640
2032,3353926
2033,3479702
2034,3432078
2035,3477077
2036,3418672
2037,3413918
2038,3556164
2039,3428379
2040,3480875
2041,3437232
2042,3498366
2043,3414667
2044,3415319
2045,4088958
2046,3233459
2047,3223687
2048,3387778
2049,3323406
2050,3531989
2051,3279941
2052,3272028
2053,3217315
2054,3334556
2055,3334009
2056,3397386
2057,4014597
2058,3513631
2059,3488245
2060,3606225
2061,3605189
2062,3402449
2063,3404660
2064,3543669
2065,3392622
2066,3427292
2067,3444108
2068,3466472
2069,3656492
2070,3519645
2071,3487469
2072,3461092
2073,3465233
2074,3449537
2075,3432988
2076,3468762
2077,3372569
2078,3569266
2079,3481801
2080,3487813
2081,3278112
2082,3418333
2083,3439142
2084,3472918
2085,3437455
2086,3334400
2087,3295261
2088,3532085
2089,3146919
2090,3074514
2091,3187561
2092,3144505
2093,3136546
2094,3093693
2095,3691682
2096,3469453
2097,3209204
2098,3337966
2099,3112177
2100,3234471
2101,3176505
2102,4350717
2103,3511317
2104,3235631
2105,3250303
2106,3221082
2107,3247058
2108,3113599
2109,3073376
2110,3068700
2111,3159120
2112,3105047
2113,3580363
2114,3399138
2115,3424873
2116,3481988
2117,3437583
2118,3485964
2119,3259681
2120,3247462
2121,3366639
2122,3889643
2123,3707891
2124,3438890
2125,3324634
2126,3322728
2127,3526753
2128,3244592
2129,3388083
2130,3264928
2131,3313188
2132,4045138
2133,3377323
2134,3849253
2135,3297601
2136,3530427
2137,3384015
2138,3360067
2139,3352871
2140,3356265
2141,3456636
2142,3589671
2143,3298740
2144,3489045
2145,3252405
2146,3239911
2147,3121570
2148,3086271
2149,3178988
2150,3132296
2151,3645060
2152,3269716
2153,3151710
2154,3086706
2155,3154590
2156,3237470
2157,3187266
2158,3099565
2159,3087304
2160,3226659
2161,3178907
2162,3225306
2163,3082522
2164,3073457
2165,3067840
2166,3076143
2167,3666698
2168,3130873
2169,3112277
2170,3081399
2171,3061878
2172,4134777
2173,3186214
2174,3098769
2175,3388525
2176,3502071
2177,3535921
2178,3536553
2179,3404232
2180,3387113
2181,3740520
2182,3718008
2183,3451982
2184,3408733
2185,3621082
2186,3470541
2187,3478905
2188,3290345
2189,3358946
2190,3203834
2191,3392984
2192,3404562
2193,3325716
2194,3369827
2195,3260138
2196,3396786
2197,3440897
2198,3363849
2199,3349785
2200,3348674
2201,3521214
2202,3395043
2203,3400993
2204,3327987
2205,3419191
2206,3274271
2207,3206965
2208,3819277
2209,3127182
2210,3338985
2211,3271540
2212,3169181
2213,3093777
2214,3169593
2215,3310208
2216,3320947
2217,3182840
2218,3084554
2219,3326582
2220,3433596
2221,3207822
2222,3169910
2223,3302728
2224,3172558
2225,3201209
2226,3461725
2227,3157602
2228,3082331
2229,3183589
2230,3169622
2231,3444498
2232,3166221
2233,3077819
2234,3053873
2235,3410321
2236,3441903
2237,3372769
2238,3319632
2239,3323085
2240,3298431
2241,3717275
2242,3373160
2243,3270795
2244,3985203
2245,3443976
2246,3411499
2247,3450422
2248,3362485
2249,3360612
2250,4006091
2251,3506975
2252,3322769
2253,3303895
2254,3380032
2255,3428506
2256,3414104
2257,3239374
2258,3443384
2259,3575074
2260,3802507
2261,3402250
2262,3323634
2263,3353947
2264,3366456
2265,3314238
2266,3096259
2267,3381549
2268,3077961
2269,3405081
2270,3318527
2271,3119780
2272,3071108
2273,3072546
2274,3274955
2275,3174030
2276,3137020
2277,3125428
2278,3206760
2279,3266441
2280,4217139
2281,3171991
2282,3142927
2283,3131046
2284,3172908
2285,3357903
2286,3115743
2287,3091947
2288,3068440
2289,3061806
2290,3581344
2291,3397113
2292,3114685
2293,3085653
2294,3103399
2295,4144818
2296,3665594
2297,3371266
2298,3380310
2299,3603619
2300,4381679
2301,4577239
2302,4297956
2303,4543866
2304,4324089
2305,4350964
2306,4164212
2307,3774681
2308,3510028
2309,3362106
2310,3525506
2311,3524908
2312,3386127
2313,3250050
2314,3358990
2315,3471288
2316,3860780
2317,3523126
2318,3340949
2319,3344342
2320,3222244
2321,3490216
2322,3416934
2323,3194796
2324,3161043
2325,3097614
2326,3366627
2327,3232131
2328,3121246
2329,3168991
2330,3083042
2331,3304849
2332,3321328
2333,3219235
2334,3223781
2335,3080931
2336,3160745
2337,3116137
2338,3174302
2339,3082377
2340,3115310
2341,3059733
2342,3637922
2343,3171186
2344,3100265
2345,3277191
2346,3142711
2347,3643690
2348,3189546
2349,3079779
2350,3176512
2351,3102102
2352,3721510
2353,3876569
2354,3401662
2355,3521534
2356,3403332
2357,3464788
2358,3417049
2359,3289876
2360,3283842
2361,3465110
2362,3363815
2363,3272405
2364,3353303
2365,3396545
2366,3524787
2367,3428392
2368,3276747
2369,3375302
2370,3391861
2371,3384428
2372,3331830
2373,3468454
2374,3398587
2375,3314179
2376,3621199
2377,3393111
2378,3365316
2379,3248421
2380,3387681
2381,3405467
2382,3406895
2383,3503159
2384,3112001
2385,3184207
2386,3403658
2387,3236755
2388,3082683
2389,4068319
2390,3403362
2391,3151849
2392,3111402
2393,3088855
2394,3125197
2395,3271900
2396,4100920
2397,3251056
2398,3174781
2399,3089453
2400,3251121
2401,3641765
2402,3123986
2403,3092224
2404,3233840
2405,3171853
2406,3244907
2407,3274191
2408,3323570
2409,3173967
2410,3118156
2411,3488585
2412,3175249
2413,3669781
2414,4737594
2415,4352052
2416,4375738
2417,4450606
2418,4736624
2419,4211228
2420,3540043
2421,3532341
2422,3572283
2423,3389506
2424,3286929
2425,4174851
2426,3339379
2427,3734175
2428,3355706
2429,3352112
2430,3319449
2431,3601619
2432,3498793
2433,3521746
2434,3341144
2435,3352322
2436,3486481
2437,3402670
2438,3356358
2439,3261061
2440,3486360
2441,3427507
2442,3306400
2443,3164437
2444,3069040
2445,3273397
2446,3469390
2447,3204638
2448,3210186
2449,3102433
2450,3188291
2451,3143875
2452,3361426
2453,3128696
2454,3109532
2455,3065229
2456,3216076
2457,3209781
2458,3481053
2459,3140281
2460,3073848
2461,3967793
2462,3370841
2463,3364670
2464,3141233
2465,3093842
2466,3081619
2467,3152653
2468,3151177
2469,3195037
2470,3076837
2471,3990562
2472,3521228
2473,3567010
2474,3417402
2475,3329799
2476,3352335
2477,3417785
2478,3434563
2479,3368348
2480,3399754
2481,3333074
2482,3618087
2483,3435372
2484,3411967
2485,3368329
2486,3368366
2487,3396194
2488,3482466
2489,3488042
2490,3412301
2491,3463111
2492,3826088
2493,3289642
2494,3336016
2495,3673747
2496,3968677
2497,4113803
2498,3500670
2499,3355559
2500,3388560
2501,3375398
2502,3191534
2503,3100410
2504,3095806
2505,3277017
2506,3186709
2507,3283934
2508,3104758
2509,3212764
2510,3106793
2511,3231662
2512,3086812
2513,3111069
2514,3125921
2515,3124610
2516,3193672
2517,3342178
2518,3152723
2519,3083882
2520,3124352
2521,3309472
2522,3320751
2523,3126060
2524,3078308
2525,3061021
2526,3177677
2527,3152612
2528,3152183
2529,3100514
2530,3256571
2531,3708481
2532,3377807
2533,4286176
2534,3373578
2535,3269265
2536,3604149
2537,3469073
2538,3290051
2539,3325264
2540,3341381
2541,3402302
2542,3457036
2543,3436815
2544,3455969
2545,3370592
2546,3397589
2547,3572488
2548,3462467
2549,3389525
2550,3430242
2551,3457330
2552,3357304
2553,3327323
2554,3350305
2555,3416982
2556,3778095
2557,3430414
2558,3350967
2559,3404294
2560,3590682
2561,3401557
2562,3121946
2563,3213598
2564,3172039
2565,3532025
2566,3206145
2567,3132560
2568,3169851
2569,3918938
2570,3184096
2571,3359017
2572,3530139
2573,3451267
2574,3366392
2575,4189916
2576,3352262
2577,3078751
2578,3059429
2579,3206566
2580,3599396
2581,3370709
2582,3152589
2583,3149899
2584,3263041
2585,3104199
2586,3120544
2587,3071487
2588,3205576
2589,3134726
2590,3856443
2591,3401954
2592,3274010
2593,3278038
2594,3363297
2595,3583426
2596,3276228
2597,3290805
2598,3325117
2599,3369891
2600,3514194
2601,3311093
2602,3334646
2603,3583093
2604,4032308
2605,4136950
2606,3403394
2607,3307419
2608,3525670
2609,3393094
2610,3449887
2611,3358706
2612,3465575
2613,3409334
2614,3476206
2615,3441884
2616,3416963
2617,3279375
2618,3407036
2619,3493726
2620,3318472
2621,3215857
2622,3623684
2623,3228191
2624,3131897
2625,3071066
2626,3398365
2627,3198031
2628,3102332
2629,3112252
2630,3227059
2631,3315036
2632,3401328
2633,3415128
2634,3233276
2635,3149058
2636,3079534
2637,3430095
2638,3192278
2639,3151690
2640,3062145
2641,4239210
2642,3243337
2643,3226098
2644,3133584
2645,3225040
2646,3191405
2647,3242110
2648,3148210
2649,3661678
2650,3349783
2651,3420653
2652,3636835
2653,3395342
2654,3293694
2655,3299472
2656,3399526
2657,3317473
2658,3315010
2659,3258868
2660,3287847
2661,3573055
2662,3547760
2663,3523521
2664,3259850
2665,3240179
2666,3352543
2667,3277148
2668,3237493
2669,3303212
2670,3264258
2671,3863476
2672,3517460
2673,3324856
2674,3238475
2675,3327605
2676,3497871
2677,3872032
2678,3252101
2679,3188289
2680,3227768
2681,3555897
2682,3224813
2683,3267480
2684,3294824
2685,3262574
2686,3148499
2687,3647286
2688,3734637
2689,3253742
2690,3447280
2691,3706794
2692,3184361
2693,3110130
2694,3196092
2695,3317991
2696,3166088
2697,3340064
2698,3223879
2699,3201993
2700,3567225
2701,3336269
2702,3160144
2703,3146484
2704,3117531
2705,3268557
2706,3153544
2707,3326204
2708,3961598
2709,3977255
2710,3465069
2711,3436206
2712,3316325
2713,3826939
2714,3817696
2715,3377242
2716,3323425
2717,3402724
2718,3766118
2719,3649533
2720,3500795
2721,3438585
2722,3260046
2723,3882061
2724,3399867
2725,3375932
2726,3343451
2727,3519430
2728,3787153
2729,3321143
2730,3453787
2731,3267595
2732,3478962
2733,3676336
2734,3308771
2735,3332863
2736,3387222
2737,3688015
2738,3421940
2739,3184681
2740,3148549
2741,3110933
2742,3303726
2743,3425152
2744,3112475
2745,3215315
2746,3192301
2747,3259749
2748,3275341
2749,3509322
2750,3811862
2751,3314485
2752,3356000
2753,3421370
2754,3193637
2755,3188378
2756,3082007
2757,3057897
2758,3185645
2759,3140644
2760,3231419
2761,3272617
2762,3115332
2763,3250470
2764,3186312
2765,3116053
2766,3903094
2767,3478413
2768,3588654
2769,3631199
2770,3483749
2771,3445774
2772,3502869
2773,3503242
2774,3370882
2775,3257986
2776,3433416
2777,3288751
2778,3559456
2779,3420182
2780,3255717
2781,3240894
2782,3399025
2783,3383850
2784,3345525
2785,3213030
2786,3918727
2787,3442945
2788,3491812
2789,3478381
2790,3396668
2791,3308360
2792,3484052
2793,3440943
2794,3289279
2795,3447038
2796,3374731
2797,3534398
2798,3353427
2799,3188538
2800,3156824
2801,3151165
2802,3275371
2803,3161229
2804,3086123
2805,3330543
2806,3134304
2807,3246491
2808,3539244
2809,3251111
2810,3229866
2811,3225337
2812,3390266
2813,3245948
2814,3209562
2815,3168261
2816,3168611
2817,3270232
2818,3176018
2819,3212661
2820,3264476
2821,3144745
2822,4083959
2823,3123525
2824,3121034
2825,3147633
2826,3778203
2827,3551701
2828,3341244
2829,3364780
2830,3284876
2831,3289748
2832,3646061
2833,3442312
2834,3369240
2835,3500466
2836,3414772
2837,3458629
2838,3255760
2839,3440792
2840,3453517
2841,3538508
2842,4889384
2843,4786716
2844,4283117
2845,4558919
2846,4469382
2847,3593958
2848,3481739
2849,4199775
2850,4819867
2851,4227438
2852,4356673
2853,4095724
2854,3246372
2855,3235486
2856,3130372
2857,3523702
2858,3919053
2859,3292898
2860,3166293
2861,3152835
2862,3246175
2863,3230922
2864,3253683
2865,3215961
2866,3238371
2867,3342849
2868,3329119
2869,3188127
2870,3173987
2871,3069163
2872,3052842
2873,3535579
2874,3128573
2875,3097452
2876,3054519
2877,3084207
2878,3155958
2879,3121196
2880,3161513
2881,3209995
2882,3139928
2883,3460479
2884,3320459
2885,3396350
2886,3259468
2887,3345955
2888,3964776
2889,4850800
2890,4287665
2891,4314024
2892,3538892
2893,3297824
2894,4193276
2895,3367237
2896,3643553
2897,3476485
2898,3412012
2899,3342987
2900,3388714
2901,3402729
2902,3339029
2903,3370581
2904,3440488
2905,3358056
2906,3513051
2907,3331543
2908,3311978
2909,3328506
2910,3242315
2911,3448927
2912,3269253
2913,3169335
2914,3182297
2915,3218947
2916,3475428
2917,3187926
2918,3132178
2919,3083663
2920,3264279
2921,3232263
2922,3133487
2923,3190524
2924,3351550
2925,3088403
2926,3799959
2927,3396482
2928,3136009
2929,3124872
2930,4035992
2931,3405223
2932,3245769
2933,3209207
2934,3112261
2935,3079226
2936,3170684
2937,3235692
2938,3257425
2939,3146743
2940,3164585
2941,3263721
2942,3411004
2943,3350045
2944,3294181
2945,3274469
2946,3494117
2947,3387746
2948,3320321
2949,3223481
2950,3421714
2951,3413973
2952,3255808
2953,3398587
2954,3375322
2955,3191171
2956,3509378
2957,3526662
2958,3265008
2959,3243220
2960,3300110
2961,3378324
2962,3400289
2963,3347984
2964,3336581
2965,3388878
2966,3974350
2967,3489547
2968,3367406
2969,3321638
2970,3435743
2971,3437196
2972,3323432
2973,3145105
2974,3123680
2975,3363111
2976,3279504
2977,3212965
2978,3462318
2979,3363421
2980,3258799
2981,3100298
2982,3095215
2983,3164118
2984,3116989
2985,3469444
2986,3641023
2987,3268476
2988,3374114
2989,3208177
2990,3350633
2991,3201062
2992,3079918
2993,3063568
2994,3193602
2995,3273888
2996,3476341
2997,3177459
2998,3078727
2999,3177046
3000,3185609
3001,3252346
3002,3869588
3003,4631859
3004,4780471
3005,4431297
3006,4151111
3007,4429553
3008,4753208
3009,4626562
3010,4200618
3011,4673103
3012,4811006
3013,4626303
3014,4428559
3015,4744985
3016,4680062
3017,4242411
3018,3707293
3019,3565736
3020,3367234
3021,3332666
3022,3312919
3023,3834429
3024,3567315
3025,3322545
3026,3441422
3027,3391723
3028,3912022
3029,3266037
3030,3208469
3031,3165360
3032,3108389
3033,3480686
3034,3188890
3035,3148523
3036,3092194
3037,3160411
3038,3156001
3039,3532407
3040,3254514
3041,3398222
3042,3118181
3043,3074318
3044,3517303
3045,3153690
3046,3156239
3047,3125725
3048,3056162
3049,3205728
3050,3314572
3051,3127100
3052,3180797
3053,3086859
3054,3177543
3055,3334649
3056,3136887
3057,3494286
3058,3369474
3059,3968888
3060,3364984
3061,3286564
3062,3256760
3063,3172737
3064,3362145
3065,3361237
3066,3220400
3067,3361823
3068,3313233
3069,3605828
3070,3446950
3071,3481925
3072,3787955
3073,3491116
3074,3304167
3075,3288009
3076,3309488
3077,3382178
3078,3622101
3079,3576669
3080,3224076
3081,3309154
3082,3324656
3083,3526386
3084,3439749
3085,3359695
3086,3342093
3087,3268748
3088,3558687
3089,3179618
3090,3084815
3091,3098016
3092,3088911
3093,3156073
3094,3178538
3095,3102908
3096,3197495
3097,3076622
3098,3340424
3099,3918071
3100,3263014
3101,3280571
3102,3154427
3103,3375388
3104,3518546
3105,3313391
3106,4028233
3107,3197106
3108,3259042
3109,3093521
3110,3075959
3111,3168180
3112,3124762
3113,3227002
3114,3181531
3115,3099973
3116,3125110
3117,3235272
3118,3572216
3119,3549041
3120,3378169
3121,3395683
3122,3426349
3123,3395282
3124,3335787
3125,3349908
3126,3423876
3127,3377558
3128,3625409
3129,3476460
3130,5620456
3131,3383753
3132,3352970
3133,3350584
3134,3251855
3135,3387014
3136,3429095
3137,3551556
3138,3451728
3139,3322599
3140,3938371
3141,3532645
3142,3471417
3143,3377300
3144,3283434
3145,3347424
3146,3909359
3147,3495822
3148,3213419
3149,3220374
3150,3076894
3151,3149037
3152,3074248
3153,3064543
3154,3059333
3155,3074825
3156,3202474
3157,3473593
3158,3141939
3159,3103858
3160,3127515
3161,3211278
3162,3557577
3163,3183857
3164,3080886
3165,3114991
3166,3095412
3167,3218315
3168,3148999
3169,3053762
3170,3195424
3171,3224230
3172,3215274
3173,3118978
3174,3993402
3175,3176849
3176,3164727
3177,4475708
3178,5152018
3179,4669615
3180,3486645
3181,3828034
3182,3528866
3183,3375235
3184,3247378
3185,3464642
3186,3469456
3187,3326812
3188,3375390
3189,3383931
3190,3595165
3191,3947000
3192,3397166
3193,3266358
3194,3228601
3195,3429569
3196,4075428
3197,5111514
3198,4045142
3199,3869759
3200,3394702
3201,3339574
3202,3306784
3203,3404880
3204,3397962
3205,3133195
3206,3085257
3207,3331188
3208,3760578
3209,3552909
3210,3253482
3211,3112587
3212,3249850
3213,3282733
3214,3110317
3215,3117085
3216,3072211
3217,3339614
3218,3089655
3219,3536815
3220,3191581
3221,3080189
3222,3096927
3223,3057974
3224,3687640
3225,3134616
3226,3112918
3227,3086463
3228,3078103
3229,3209354
3230,3236452
3231,3070985
3232,3206301
3233,3126835
3234,3392283
3235,3522692
3236,3527800
3237,3410599
3238,3381764
3239,3621819
3240,3553160
3241,3463170
3242,3906707
3243,3455418
3244,3391009
3245,3315346
3246,3397953
3247,3394512
3248,3534725
3249,3560487
3250,3388394
3251,3390648
3252,3419899
3253,3398786
3254,3369038
3255,3312954
3256,3288440
3257,3340045
3258,3462199
3259,3523197
3260,3414888
3261,3447578
3262,3433550
3263,3381877
3264,3309797
3265,3171969
3266,3623818
3267,4145440
3268,3517037
3269,3318139
3270,3163482
3271,3059997
3272,3312601
3273,3230898
3274,3363539
3275,3277829
3276,3957870
3277,3736795
3278,3759567
3279,3268596
3280,3132497
3281,3078584
3282,3123437
3283,3079049
3284,3080866
3285,3174470
3286,3122697
3287,3228122
3288,3494719
3289,3249661
3290,3130418
3291,3205572
3292,3293158
3293,3427251
3294,3556529
3295,3566696
3296,3373954
3297,3461702
3298,3488543
3299,3411290
3300,3203095
3301,3367543
3302,3241777
3303,3479772
3304,3281761
3305,3377513
3306,3356519
3307,3631402
3308,3551160
3309,3371799
3310,3816123
3311,3459954
3312,3325799
3313,3318218
3314,3324271
3315,3460609
3316,3444561
3317,3570506
3318,3372934
3319,3353031
3320,3274206
3321,3551511
3322,3460819
3323,3237606
3324,3257047
3325,3152732
3326,3339527
3327,3213190
3328,3090883
3329,3073231
3330,3076692
3331,3280435
3332,3171595
3333,3152115
3334,3086831
3335,3406614
3336,3185611
3337,3496476
3338,3285859
3339,3158261
3340,3147598
3341,3076616
3342,3895502
3343,3122088
3344,3934847
3345,3135482
3346,3224012
3347,3121424
3348,3279938
3349,3082784
3350,3143931
3351,3082308
3352,3395620
3353,3336108
3354,3331970
3355,3315076
3356,3350857
3357,3627282
3358,3343342
3359,3376982
3360,3288962
3361,3302242
3362,3382417
3363,3304902
3364,3349173
3365,3436340
3366,3459826
3367,3484677
3368,3452235
3369,3362305
3370,3369720
3371,3397211
3372,3343599
3373,3321376
3374,3368711
3375,3214996
3376,3515287
3377,3503745
3378,3841581
3379,3335503
3380,3377418
3381,3411565
3382,3356442
3383,3326825
3384,3332640
3385,3172361
3386,3873904
3387,3164729
3388,3097432
3389,3067800
3390,3122409
3391,3184385
3392,3187184
3393,3226347
3394,3219021
3395,3117456
3396,3279520
3397,3262990
3398,3318697
3399,3103686
3400,3101568
3401,3588872
3402,3168362
3403,3096237
3404,3089122
3405,3058014
3406,3205028
3407,3146311
3408,3227319
3409,3132918
3410,3293246
3411,3300058
3412,3957323
3413,3467562
3414,3371388
3415,3435804
3416,3646242
3417,3352375
3418,3232645
3419,3312684
3420,3378529
3421,3425534
3422,3354041
3423,3318730
3424,3441197
3425,3367912
3426,4977104
3427,4527612
3428,4414164
3429,3926120
3430,3587869
3431,3423595
3432,3442914
3433,3293650
3434,3472889
3435,4592051
3436,4527666
3437,4289059
3438,4374899
3439,4269369
3440,5048002
3441,3246825
3442,3591235
3443,3203496
3444,3128434
3445,3113913
3446,4043513
3447,3124009
3448,3131482
3449,3094995
3450,3178094
3451,3083966
3452,3368822
3453,3224521
3454,3088529
3455,3253054
3456,3147762
3457,3679673
3458,3198830
3459,3146062
3460,3054378
3461,3066290
3462,3212598
3463,3140810
3464,3098941
3465,3085719
3466,3110469
3467,3240344
3468,3211595
3469,3213475
3470,3545608
3471,4734930
3472,4624187
3473,3552370
3474,3491760
3475,3415482
3476,3361922
3477,3512916
3478,3378778
3479,3347916
3480,3907488
3481,3542975
3482,3372286
3483,3418703
3484,3495370
3485,3328479
3486,3423541
3487,3456736
3488,3329909
3489,3387913
3490,3269376
3491,4579166
3492,4414213
3493,4168014
3494,4140864
3495,4183540
3496,4125160
3497,4780472
3498,3755969
3499,3199299
3500,3211180
3501,3154326
3502,3077756
3503,3149522
3504,3078334
3505,3122318
3506,3151546
3507,3198227
3508,3126027
3509,4100683
3510,3167856
3511,3219812
3512,3343457
3513,3260189
3514,4072624
3515,3177633
3516,3100808
3517,3063554
3518,3172149
3519,3228863
3520,3146602
3521,3342725
3522,3219804
3523,3163666
3524,3178848
3525,3140311
3526,3123436
3527,3483579
3528,4649182
3529,4400938
3530,3997195
3531,4272478
3532,4734889
3533,4768003
3534,3420825
3535,3415928
3536,3436179
3537,3363569
3538,3409893
3539,3351103
3540,3308317
3541,3408761
3542,3633429
3543,3405222
3544,3403433
3545,3420661
3546,3416652
3547,3391337
3548,3915584
3549,3361950
3550,3270287
3551,3557864
3552,3350147
3553,3237267
3554,3314962
3555,3370794
3556,4696555
3557,3251347
3558,3238296
3559,3102521
3560,3360056
3561,3427662
3562,3241937
3563,3326756
3564,3240020
3565,3234784
3566,3193255
3567,3108466
3568,3216687
3569,3183661
3570,3637683
3571,3743481
3572,3116457
3573,3076671
3574,3063575
3575,3155793
3576,3137802
3577,3162008
3578,3291010
3579,3271913
3580,3669255
3581,3366166
3582,3830031
3583,3219432
3584,3303004
3585,3369679
3586,3475674
3587,3295774
3588,3475711
3589,3382303
3590,3577658
3591,3414401
3592,3456676
3593,3336677
3594,3372450
3595,3385813
3596,3420118
3597,3245124
3598,3259439
3599,3354684
3600,3631003
3601,3377447
3602,3370476
3603,3336012
3604,3322701
3605,3383117
3606,3521895
3607,3408266
3608,3298768
3609,3443879
3610,3477513
3611,3470598
3612,3392006
3613,3370343
3614,3965844
3615,3224754
3616,3192102
3617,3267962
3618,3180230
3619,3465794
3620,3299481
3621,3117898
3622,3186780
3623,3101168
3624,3259571
3625,3140889
3626,3136430
3627,3187270
3628,3101548
3629,3450085
3630,3733137
3631,3114308
3632,3061950
3633,3048437
3634,3143438
3635,3314666
3636,3185677
3637,3176688
3638,3066674
3639,3113027
3640,3110778
3641,3097247
3642,3055840
3643,3176896
3644,3103107
3645,3468282
3646,4647554
3647,5010072
3648,4523352
3649,3586525
3650,3380275
3651,3347982
3652,3299786
3653,3416867
3654,3270938
3655,3314531
3656,3293432
3657,3334000
3658,3975555
3659,4880121
3660,4363563
3661,4235303
3662,4357838
3663,4294244
3664,4270679
3665,4329723
3666,4748881
3667,4256698
3668,3297871
3669,3273931
3670,3444025
3671,3272648
3672,3138383
3673,3086831
3674,3155471
3675,3472250
3676,3243963
3677,3179621
3678,3761255
3679,3167420
3680,3207278
3681,3191054
3682,3159691
3683,3169704
3684,3184398
3685,3361270
3686,3429608
3687,3248943
3688,3162661
3689,3065618
3690,3366879
3691,3414031
3692,3254957
3693,3132464
3694,3235011
3695,3329295
3696,3174602
3697,3319690
3698,3344550
3699,3154840
3700,3323696
3701,3442096
3702,3335444
3703,3379099
3704,3399928
3705,3507044
3706,3475079
3707,3495743
3708,3412724
3709,3356799
3710,4282985
3711,3335379
3712,3328308
3713,3334189
3714,3356041
3715,3601520
3716,3405263
3717,3356534
3718,3423958
3719,3509084
3720,3464036
3721,3481683
3722,3461777
3723,3298980
3724,3663953
3725,3438466
3726,3306090
3727,3332702
3728,3339738
3729,3457068
3730,3469763
3731,3213211
3732,3176836
3733,3245483
3734,3576518
3735,3326233
3736,3257569
3737,3274731
3738,3364599
3739,3355155
3740,3254355
3741,3664351
3742,3344177
3743,3332235
3744,3544683
3745,3136468
3746,3258757
3747,3393597
3748,3183181
3749,3584961
3750,3169455
3751,3267990
3752,3197213
3753,3258168
3754,3326371
3755,3332296
3756,3142654
3757,3183027
3758,3208435
3759,3506312
3760,3351049
3761,3337533
3762,3260906
3763,3336361
3764,3421675
3765,4743079
3766,4601075
3767,4539125
3768,4563183
3769,4213613
3770,4460257
3771,4526088
3772,3624910
3773,3912599
3774,3371831
3775,3377057
3776,3421141
3777,3447440
3778,3288036
3779,3464683
3780,3525374
3781,3533245
3782,3336258
3783,3297266
3784,3267205
3785,3371647
3786,3418279
3787,3316819
3788,3194568
3789,3355451
3790,3362223
3791,3310262
3792,3258633
3793,3102863
3794,3214306
3795,3256502
3796,3210466
3797,3207921
3798,3201866
3799,3317730
3800,3234267
3801,3469610
3802,3258602
3803,3167065
3804,3143663
3805,4166662
3806,3333007
3807,3333624
3808,3291321
3809,3260854
3810,3345133
3811,3131859
3812,3151755
3813,3130325
3814,3067825
3815,3172529
3816,3388402
3817,3443397
3818,3396573
3819,3267986
3820,3421562
3821,3539136
3822,3300213
3823,3315786
3824,3403605
3825,3397071
3826,3380098
3827,3361286
3828,3343562
3829,3373541
3830,3963736
3831,5080770
3832,4396196
3833,4310190
3834,4330070
3835,4356055
3836,3801724
3837,4064590
3838,3463377
3839,3457815
3840,3322070
3841,3380927
3842,3388259
3843,3394240
3844,4590901
3845,3417778
3846,3394811
3847,3401054
3848,3419219
3849,3273644
3850,3379840
3851,3277080
3852,3318481
3853,3205121
3854,3103651
3855,3260568
3856,3235193
3857,3425913
3858,3358016
3859,3325302
3860,3216844
3861,3197348
3862,3318582
3863,3182013
3864,3332576
3865,3168988
3866,3238605
3867,3448718
3868,3269027
3869,3731935
3870,3134517
3871,3175425
3872,3349120
3873,3397286
3874,3358360
3875,3476227
3876,3355833
3877,3529726
3878,3426474
3879,3369424
3880,3394576
3881,3368398
3882,3402723
3883,3266390
3884,3312258
3885,3479863
3886,3385298
3887,4011208
3888,3466127
3889,3480105
3890,3425497
3891,3535214
3892,3376452
3893,3311621
3894,3406237
3895,3367101
3896,3582818
3897,3430991
3898,3344504
3899,3305047
3900,3392184
3901,3944255
3902,3456066
3903,3273251
3904,3249843
3905,3167602
3906,3828710
3907,3225497
3908,3349526
3909,3175765
3910,3290170
3911,3336903
3912,3411531
3913,3206043
3914,3370554
3915,3214410
3916,3376745
3917,3262895
3918,3158688
3919,3151449
3920,3248210
3921,3680322
3922,3266827
3923,3251525
3924,3138079
3925,3230151
3926,3273479
3927,3207470
3928,3133217
3929,3238974
3930,3135572
3931,3397959
3932,3327922
3933,4188949
3934,3349974
3935,3621018
3936,3927482
3937,3536723
3938,3214987
3939,3294725
3940,3393939
3941,3354733
3942,3339370
3943,3360828
3944,3545732
3945,3600137
3946,3528466
3947,3465931
3948,3349587
3949,3495351
3950,3487122
3951,3425913
3952,3317382
3953,3422066
3954,3701711
3955,3479361
3956,3364907
3957,3260103
3958,3246483
3959,3427537
3960,3384060
3961,3435711
3962,3265902
3963,3114261
3964,3772687
3965,3379452
3966,3190232
3967,3181892
3968,3200562
3969,3195320
3970,3167347
3971,3309498
3972,3351198
3973,3156367
3974,3493161
3975,3338411
3976,3111760
3977,3330354
3978,3159608
3979,3366106
3980,3342763
3981,3357950
3982,3107794
3983,3142675
3984,3378177
3985,3212080
3986,3247170
3987,3223993
3988,3306015
3989,3338440
3990,3174751
3991,3296668
3992,3481668
3993,3394804
3994,3558304
3995,3615321
3996,3853268
3997,3515826
3998,3463090
3999,3451203
4000,3413711
4001,3288930
4002,3349620
4003,3202149
4004,3725976
4005,3385049
4006,3433160
4007,3391470
4008,3452192
4009,3510452
4010,3354671
4011,3358654
4012,3322957
4013,3702757
4014,3806848
4015,3442163
4016,3690041
4017,3491373
4018,3480626
4019,3451538
4020,3399999
4021,3364999
4022,3343489
4023,3702273
4024,3202697
4025,3111163
4026,3132878
4027,3363605
4028,4155698
4029,3171035
4030,3162245
4031,3229209
4032,3316262
4033,3389997
4034,3258495
4035,3320685
4036,3132777
4037,3461703
4038,3594666
4039,3150885
4040,3202670
4041,3148174
4042,3313641
4043,3309433
4044,3301388
4045,3242469
4046,3279895
4047,3264088
4048,3460497
4049,3334542
4050,3397645
4051,3328136
4052,3700871
4053,3671749
4054,3364484
4055,3284457
4056,3361915
4057,3438870
4058,3299954
4059,3288115
4060,4333816
4061,3373167
4062,3945525
4063,3325530
4064,3441664
4065,3353979
4066,3479578
4067,3444638
4068,3397300
4069,3406917
4070,3507943
4071,3443860
4072,3269746
4073,3268570
4074,3321056
4075,3353723
4076,3414449
4077,3358136
4078,3460403
4079,3318576
4080,3507245
4081,3150119
4082,3153758
4083,3140003
4084,3283778
4085,3244255
4086,3241858
4087,3139649
4088,3250499
4089,3323619
4090,3428037
4091,3293044
4092,3906671
4093,3277964
4094,3235141
4095,3378187
4096,3207707
4097,3287027
4098,3154712
4099,3208124
4100,3247314
4101,3258662
4102,3306066
4103,3319839
4104,3181831
4105,3311860
4106,3149613
4107,3155988
4108,3206321
4109,3427648
4110,4011698
4111,3387046
4112,3317193
4113,3449586
4114,3479445
4115,3490632
4116,3454246
4117,3407300
4118,3577002
4119,4022183
4120,3539297
4121,3287087
4122,3349929
4123,3462015
4124,3960864
4125,3451981
4126,3413821
4127,3562205
4128,3447306
4129,3459070
4130,3448106
4131,3413235
4132,3414085
4133,3401112
4134,3409429
4135,3352829
4136,3802700
4137,3537644
4138,3526843
4139,3531074
4140,3443652
4141,3411706
4142,3392637
4143,3449032
4144,3353927
4145,3235340
4146,3341619
4147,3230921
4148,4214738
4149,3271845
4150,3339289
4151,3308042
4152,3330365
4153,3431767
4154,3269736
4155,3187924
4156,3932661
4157,3359306
4158,3265700
4159,3313303
4160,3293496
4161,3261729
4162,3380590
4163,3179702
4164,3173158
4165,3234003
4166,3293588
4167,3508944
4168,3328143
4169,3389192
4170,3429653
4171,3343772
4172,3861818
4173,3530890
4174,3430795
4175,3361540
4176,3391527
4177,3467989
4178,3282718
4179,3235594
4180,3333608
4181,3380776
4182,4362624
4183,4891362
4184,4425779
4185,4377397
4186,4533662
4187,5146048
4188,4301415
4189,4700522
4190,4643584
4191,4181788
4192,4619620
4193,4054192
4194,3510637
4195,3423535
4196,3351332
4197,3596403
4198,3296647
4199,3245110
4200,3193433
4201,3162896
4202,3371632
4203,3207902
4204,3194155
4205,3233118
4206,3206098
4207,3419096
4208,3427953
4209,3268856
4210,3309117
4211,3170706
4212,3455328
4213,3370848
4214,3304714
4215,3204583
4216,3180090
4217,3338214
4218,3326950
4219,3898444
4220,3422803
4221,3240743
4222,3486958
4223,3315615
4224,3319360
4225,3275448
4226,3429537
4227,3577591
4228,4493299
4229,4454947
4230,4393224
4231,4502215
4232,4586297
4233,4540283
4234,4398752
4235,3544538
4236,3429204
4237,3377676
4238,3376881
4239,3505215
4240,3507543
4241,3362349
4242,3365426
4243,3302965
4244,3508470
4245,3368521
4246,3250017
4247,3202844
4248,3363881
4249,3469564
4250,3212526
4251,4002640
4252,3212604
4253,3447621
4254,3421061
4255,3313269
4256,3171281
4257,3074918
4258,3241388
4259,3123681
4260,3142668
4261,3083996
4262,3268188
4263,3148270
4264,3642763
4265,3097506
4266,3128705
4267,3065273
4268,3086952
4269,3809995
4270,3216316
4271,3296011
4272,3171557
4273,3219766
4274,3152527
4275,3105437
4276,3082629
4277,3079642
4278,3176666
4279,3453354
4280,3323198
4281,3773459
4282,4984460
4283,4006950
4284,3590663
4285,3490249
4286,3454507
4287,3426694
4288,3336683
4289,3267795
4290,3333254
4291,3237636
4292,3250513
4293,3524192
4294,3377215
4295,3300807
4296,3316574
4297,3417926
4298,3506950
4299,3325073
4300,3485170
4301,3305014
4302,3334645
4303,3539412
4304,3385475
4305,3367539
4306,3335650
4307,3241943
4308,3376099
4309,3136691
4310,3257593
4311,3209736
4312,3312392
4313,3390812
4314,3180833
4315,4050619
4316,3137145
4317,3310746
4318,3139773
4319,3098952
4320,3065875
4321,3176242
4322,3162259
4323,4014180
4324,3104710
4325,3167532
4326,3101399
4327,3169064
4328,3556098
4329,3242936
4330,3198258
4331,3200828
4332,3178925
4333,3493315
4334,3523646
4335,3123959
4336,3240324
4337,3258883
4338,3344425
4339,3504114
4340,3395004
4341,3392930
4342,3472967
4343,3504037
4344,3289506
4345,3364474
4346,3329346
4347,4086360
4348,3265046
4349,3301472
4350,3318520
4351,3291598
4352,3442638
4353,3972679
4354,3495753
4355,3238232
4356,3476907
4357,3492245
4358,3373406
4359,3419734
4360,3365925
4361,3474616
4362,3717075
4363,3385997
4364,3356901
4365,3217850
4366,3409876
4367,3410892
4368,3305377
4369,3262934
4370,3188428
4371,3667996
4372,3176708
4373,3269551
4374,3192593
4375,3197508
4376,3280307
4377,3069847
4378,3113836
4379,4192224
4380,3222841
4381,3455007
4382,3218271
4383,3226551
4384,3193778
4385,3144139
4386,3562844
4387,3184528
4388,3148328
4389,3139741
4390,3088482
4391,3166662
4392,3096653
4393,3126324
4394,3054072
4395,3237421
4396,3144433
4397,3248230
4398,4021713
4399,4695935
4400,4400061
4401,4705208
4402,4624845
4403,4201289
4404,4452073
4405,4362409
4406,3605100
4407,3345983
4408,3338159
4409,3542755
4410,4455251
4411,3485072
4412,3271003
4413,3385039
4414,3297002
4415,3323868
4416,3361938
4417,3298626
4418,3570893
4419,3397913
4420,3281482
4421,3286366
4422,3305311
4423,4024698
4424,3375021
4425,3300010
4426,3280155
4427,3214957
4428,3530976
4429,3349995
4430,3097571
4431,3254857
4432,3165376
4433,3175959
4434,3071238
4435,3111366
4436,3191707
4437,3122475
4438,3410713
4439,3171579
4440,3220421
4441,3145359
4442,3784598
4443,3493689
4444,3236003
4445,3116528
4446,3148522
4447,3220004
4448,3150340
4449,3075492
4450,3087560
4451,3169758
4452,3077665
4453,3156254
4454,3138112
4455,3074318
4456,3311843
4457,3319506
4458,3606235
4459,3432660
4460,3362768
4461,3220110
4462,3284292
4463,3434071
4464,3429137
4465,3415810
4466,3366293
4467,3252591
4468,3509416
4469,3412074
4470,3281325
4471,3494506
4472,3328932
4473,3377750
4474,4104218
4475,3411359
4476,3407419
4477,3410946
4478,3587002
4479,3417095
4480,3284243
4481,3337073
4482,3383229
4483,3556145
4484,3308142
4485,3375733
4486,3327632
4487,3473694
4488,3265060
4489,3128108
4490,3210404
4491,3138465
4492,3257488
4493,3222006
4494,3081839
4495,3059747
4496,3057284
4497,3140602
4498,4038979
4499,3143682
4500,3118086
4501,3218757
4502,3195111
4503,3377894
4504,3121737
4505,3062114
4506,4016603
4507,3354986
4508,3195453
4509,3121883
4510,3180432
4511,3154930
4512,3103946
4513,3218952
4514,3088231
4515,3054721
4516,3190650
4517,3288560
4518,3625978
4519,3457773
4520,3319155
4521,3448753
4522,3426103
4523,3284150
4524,3311434
4525,3356811
4526,3481308
4527,3459250
4528,3320129
4529,3268054
4530,3238172
4531,3493798
4532,3395481
4533,3338020
4534,3224350
4535,3277967
4536,3480467
4537,3422232
4538,3885456
4539,3276189
4540,3252198
4541,3405472
4542,3353614
4543,3268945
4544,3294276
4545,3365614
4546,3422750
4547,3201989
4548,3496367
4549,3355157
4550,3196261
4551,3146874
4552,3182671
4553,3101780
4554,3073889
4555,3224787
4556,3320147
4557,3239580
4558,3082589
4559,3073327
4560,3179332
4561,3125523
4562,3476600
4563,3780937
4564,3147689
4565,3119512
4566,3179541
4567,3257045
4568,3334135
4569,3207001
4570,3758759
4571,3178592
4572,3262443
4573,3125180
4574,3075268
4575,3153396
4576,3107838
4577,3418470
4578,3399348
4579,3309060
4580,3356908
4581,3399354
4582,3489355
4583,3533080
4584,3378113
4585,3313211
4586,3277263
4587,3428919
4588,3392901
4589,3295618
4590,3539091
4591,3427742
4592,3583178
4593,3427621
4594,3261223
4595,3447231
4596,3506288
4597,3502032
4598,3483210
4599,3466580
4600,3279332
4601,3441618
4602,3939550
4603,3386204
4604,3281468
4605,3370048
4606,3457711
4607,3284863
4608,3181323
4609,3134399
4610,3180045
4611,3272401
4612,3356641
4613,3099718
4614,3058338
4615,3049999
4616,3122517
4617,3113595
4618,3131979
4619,3112634
4620,3177621
4621,3213350
4622,3596747
4623,3222703
4624,3158999
4625,3122764
4626,3161419
4627,3835948
4628,3575297
4629,3200302
4630,3093051
4631,3078585
4632,3131211
4633,3625178
4634,3271033
4635,3176982
4636,3318016
4637,3501928
4638,3312523
4639,3325634
4640,3355244
4641,3476122
4642,3577121
4643,3425226
4644,3309700
4645,3305406
4646,3361253
4647,3300839
4648,3244491
4649,3266431
4650,3319861
4651,3441364
4652,3512335
4653,3412847
4654,3257554
4655,3327131
4656,3281940
4657,3297185
4658,3394989
4659,3400913
4660,3339289
4661,3651765
4662,3420539
4663,3280755
4664,3371419
4665,3715714
4666,3335905
4667,3373405
4668,3222091
4669,3178996
4670,3303630
4671,3442001
4672,3149074
4673,3104398
4674,3076113
4675,3073714
4676,3188867
4677,3216459
4678,3125240
4679,3166132
4680,3164909
4681,3703107
4682,3604925
4683,3159818
4684,3120910
4685,3053409
4686,3241167
4687,3253250
4688,3185534
4689,3100307
4690,3049375
4691,3137076
4692,3140286
4693,3244452
4694,3089829
4695,3056327
4696,3125891
4697,3984933
4698,3452255
4699,3447485
4700,3215403
4701,3366460
4702,3470985
4703,3358091
4704,3320351
4705,3239849
4706,3422721
4707,3318883
4708,3268027
4709,3328086
4710,3505691
4711,3498220
4712,3515583
4713,3256947
4714,3238903
4715,3254387
4716,3470018
4717,3372848
4718,3307630
4719,3412561
4720,3262556
4721,3542834
4722,3659958
4723,3829622
4724,3493678
4725,3335510
4726,3393341
4727,3349412
4728,3148891
4729,3918941
4730,3301292
4731,3408362
4732,3185772
4733,3082348
4734,3187450
4735,3245957
4736,3102878
4737,3087336
4738,3062575
4739,3049368
4740,3254808
4741,3464780
4742,3219343
4743,3067060
4744,3069017
4745,3186120
4746,3512905
4747,3157242
4748,3084191
4749,3056116
4750,3051586
4751,3175166
4752,3116654
4753,3210889
4754,3197694
4755,3084718
4756,3190128
4757,3108574
4758,4000525
4759,3330960
4760,3202515
4761,4013444
4762,3507987
4763,3335574
4764,3255600
4765,3313642
4766,3372498
4767,3359170
4768,3299884
4769,3223964
4770,3353190
4771,3872176
4772,4710471
4773,4284141
4774,4396455
4775,4306771
4776,4283175
4777,3769703
4778,3465496
4779,3570509
4780,3467539
4781,3355080
4782,3326199
4783,3401707
4784,3456694
4785,3443566
4786,3509374
4787,3300444
4788,3685089
4789,3478610
4790,3202218
4791,3110547
4792,3059087
4793,3796100
4794,3154985
4795,3122255
4796,3069050
4797,3121601
4798,3220037
4799,3384631
4800,3162020
4801,3222645
4802,3108213
4803,3065389
4804,3779005
4805,3120186
4806,3140727
4807,3075547
4808,3144455
4809,3138018
4810,3116073
4811,3050090
4812,3166592
4813,3118809
4814,3340484
4815,3104728
4816,3103530
4817,3831110
4818,3413970
4819,3746902
4820,3708572
4821,3328032
4822,3327134
4823,3452309
4824,3403174
4825,4035068
4826,3293936
4827,3462013
4828,3754715
4829,3514228
4830,3364411
4831,3387353
4832,3505597
4833,3440867
4834,3338708
4835,3357094
4836,3327525
4837,3209675
4838,3971251
4839,3423705
4840,3264293
4841,3254199
4842,3501660
4843,3388208
4844,3281772
4845,3280192
4846,3472086
4847,3271468
4848,3387683
4849,3136538
4850,3092799
4851,3073032
4852,3121800
4853,3096265
4854,3078835
4855,3065510
4856,3946034
4857,3208506
4858,3515586
4859,3264685
4860,3337243
4861,3259423
4862,3149622
4863,3591879
4864,3115984
4865,3177756
4866,3098029
4867,3151452
4868,3252300
4869,3093576
4870,3110824
4871,3156784
4872,3098197
4873,3364762
4874,3239805
4875,3129228
4876,3085967
4877,3393635
4878,3691367
4879,3911575
4880,3675588
4881,3434101
4882,3579640
4883,3379364
4884,3378829
4885,3259010
4886,3738624
4887,3514963
4888,4156575
4889,3465720
4890,3252092
4891,3831464
4892,3493502
4893,3226818
4894,3356417
4895,3571522
4896,3662872
4897,3408779
4898,3329582
4899,3371047
4900,3704908
4901,3493460
4902,3341699
4903,3332912
4904,3292326
4905,3798412
4906,3566213
4907,3288967
4908,3216368
4909,3183236
4910,3386529
4911,3343260
4912,3141684
4913,3119781
4914,3113270
4915,3330880
4916,3284377
4917,3119840
4918,3122113
4919,3235738
4920,4086502
4921,3456331
4922,3569553
4923,3597132
4924,3199541
4925,3097642
4926,3529791
4927,3219687
4928,3382570
4929,3163427
4930,3132323
4931,3155258
4932,3074340
4933,3094063
4934,3214461
4935,3072105
4936,3385173
4937,3364685
4938,3366857
4939,3329491
4940,3273105
4941,3926500
4942,3457229
4943,3264914
4944,3270568
4945,3387495
4946,3349662
4947,3374310
4948,3317760
4949,3379996
4950,3228282
4951,3648318
4952,4068763
4953,3438708
4954,3347631
4955,3476885
4956,3393156
4957,3329455
4958,3307680
4959,3343861
4960,3587672
4961,3546679
4962,3315324
4963,3298003
4964,3298697
4965,3462103
4966,3464273
4967,3285428
4968,3218424
4969,3186898
4970,3620140
4971,3162570
4972,3113899
4973,3076009
4974,3118877
4975,3198816
4976,3136273
4977,3100268
4978,3061933
4979,3125907
4980,3166901
4981,3359082
4982,3116138
4983,3077974
4984,3726756
4985,3375348
4986,3330301
4987,3130824
4988,3102224
4989,3079545
4990,3184883
4991,3153255
4992,3091254
4993,3051869
4994,3078365
4995,3063331
4996,3344508
4997,3876690
4998,3371366
4999,3360831
