0,95592931
1,111209355
2,80317803
3,82027908
4,80618963
5,79520101
6,86707311
7,81006786
8,80720010
9,78082970
10,78494677
11,79408315
12,80231922
13,81869093
14,78715100
15,78401200
16,77164088
17,76844371
18,78491168
19,75367650
20,77162122
21,77786194
22,76601357
23,76307776
24,78780583
25,76640496
26,76198007
27,77929128
28,78585370
29,78104418
30,76754008
31,75960945
32,76624791
33,76570820
34,76774023
35,76245327
36,77371683
37,76211053
38,76595816
39,76052331
40,79186306
41,75921871
42,76546750
43,77236313
44,77600347
45,76810305
46,78900084
47,77133382
48,78717109
49,76511606
50,76976689
51,76233701
52,76994076
53,77773680
54,76640110
55,77234886
56,78897381
57,78549621
58,79613453
59,78488363
60,76168815
61,78540368
62,78168603
63,77185105
64,78640781
65,79404307
66,79941003
67,87489574
68,78093146
69,83191692
70,76628960
71,79966023
72,81727557
73,76279217
74,77487569
75,78822137
76,76727117
77,76418771
78,79018407
79,77774441
80,78129537
81,77135821
82,78771144
83,76367432
84,76953665
85,77566454
86,81849406
87,81845485
88,78978299
89,78166337
90,81544627
91,78047316
92,77860831
93,75916639
94,76127160
95,77816222
96,76289912
97,76278350
98,77639703
99,76511939
100,77697042
101,76294486
102,76501723
103,76357029
104,79433179
105,77065977
106,77076057
107,79049468
108,77035373
109,77984540
110,81192111
111,78432333
112,77944433
113,76198948
114,76217753
115,75469280
116,77827980
117,77624378
118,80977033
119,82625780
120,81068095
121,76537908
122,76201657
123,77477720
124,77024618
125,76718721
126,82279033
127,78591560
128,77153604
129,78365530
130,78265414
131,75657999
132,77001363
133,75308640
134,75598681
135,76209039
136,77066987
137,78133853
138,77826174
139,82560640
140,77895730
141,76995396
142,77721847
143,79234870
144,78093692
145,78347168
146,76330464
147,76168796
148,77656924
149,77413265
150,77248886
151,83292848
152,84213709
153,77621772
154,77151295
155,77649501
156,78335303
157,77609715
158,77584696
159,78455447
160,77103824
161,79397148
162,77892787
163,78496651
164,77703840
165,78492526
166,78569763
167,77504449
168,78547561
169,78171936
170,76561071
171,75430627
172,77110330
173,75961989
174,77354312
175,77508703
176,75806746
177,95940072
178,75489716
179,75374354
180,78063143
181,78343045
182,78805247
183,76929636
184,77862693
185,76897262
186,77647276
187,76876880
188,77900773
189,77217261
190,76851789
191,77641404
192,76104854
193,78057665
194,77528001
195,77830024
196,77508294
197,77591047
198,81391530
199,78558096
200,77243486
201,78021862
202,79593333
203,78464450
204,82337465
205,81288473
206,82799161
207,79709063
208,76911010
209,78503479
210,77552707
211,77891725
212,80410621
213,78346410
214,77660746
215,83242043
216,76711215
217,76571317
218,78065780
219,76575902
220,76240333
221,76968048
222,75942740
223,78280694
224,78578186
225,77449532
226,77287573
227,77556782
228,76677390
229,75818826
230,75891239
231,77579943
232,76482592
233,82943056
234,76813257
235,86308292
236,77741555
237,76390127
238,74950689
239,75741839
240,79459265
241,82090227
242,81019406
243,76472766
244,83825593
245,77288836
246,76668828
247,77330537
248,77158933
249,79276997
250,78044751
251,76967584
252,79018079
253,77511212
254,78509227
255,76335345
256,76534632
257,76638797
258,77889059
259,77257589
260,76185319
261,76603746
262,75861224
263,78756875
264,76536962
265,75944998
266,79057612
267,81781660
268,81895934
269,81818899
270,81924998
271,81935805
272,76562150
273,78869949
274,77218928
275,94666677
276,85031727
277,80988171
278,81632096
279,78929256
280,75866831
281,77360533
282,76377294
283,77110012
284,77865444
285,83043577
286,78227877
287,75764118
288,79309077
289,77138815
290,79483373
291,81736039
292,81599490
293,81535901
294,82258377
295,80692631
296,82531187
297,82917494
298,82232645
299,83468356
300,83628047
301,84227045
302,81506011
303,84480636
304,83283535
305,82020266
306,85144072
307,82068569
308,82573776
309,82619235
310,82210010
311,84395487
312,83547286
313,82921879
314,84181276
315,82380959
316,84564605
317,85372920
318,83850852
319,83327065
320,82792475
321,85320220
322,83259693
323,82124516
324,83644675
325,85217830
326,84007682
327,82431401
328,83073508
329,81917781
330,82505447
331,82290029
332,83168326
333,82992734
334,82335086
335,82916327
336,81260684
337,83237771
338,84144593
339,83362370
340,81694800
341,81823889
342,84390990
343,81692756
344,82865773
345,82010966
346,83589426
347,82667161
348,82851562
349,87937366
350,82942240
351,83453077
352,83427216
353,83211758
354,85773536
355,84095849
356,84581018
357,82561228
358,81006945
359,78833903
360,77391709
361,77994363
362,80281539
363,76312761
364,77901102
365,76089037
366,76306360
367,78360129
368,76582454
369,82626894
370,77005132
371,76579995
372,86518711
373,88066694
374,78361693
375,78285648
376,76392028
377,78314362
378,76208585
379,76490700
380,76024038
381,83002987
382,79569116
383,76482454
384,74856747
385,81090433
386,75617832
387,83191145
388,79992988
389,77523378
390,79493136
391,79301797
392,79614169
393,77619371
394,75965230
395,77572141
396,80142273
397,80847272
398,83105800
399,81050484
400,81871733
401,81932730
402,81365575
403,77041172
404,81888263
405,80716265
406,79069708
407,77142357
408,77273781
409,77210873
410,78102150
411,78422713
412,77541629
413,77564659
414,78369525
415,77103617
416,78075597
417,76729761
418,75770954
419,76946850
420,77191403
421,76246061
422,76467832
423,76296356
424,76340154
425,76116692
426,76167923
427,76759750
428,75788022
429,77075568
430,76619935
431,76861099
432,82097001
433,75719876
434,75964606
435,76710499
436,78471394
437,77023949
438,77602036
439,75846493
440,77400076
441,78652640
442,79696819
443,79645120
444,78314737
445,76670267
446,77335836
447,75821563
448,75689733
449,79358963
450,75679341
451,76953674
452,79403128
453,76547326
454,77750799
455,78198110
456,78085036
457,76804892
458,78947723
459,77632536
460,77124097
461,76614854
462,76692178
463,96056085
464,74703851
465,79303286
466,77880562
467,76673589
468,80393923
469,77606996
470,79697504
471,76521329
472,75263352
473,75699697
474,75784460
475,77097783
476,79538294
477,77407387
478,77856248
479,75784974
480,76480817
481,77991391
482,77573267
483,76970427
484,78853951
485,78751067
486,79137265
487,77912416
488,79728153
489,76308995
490,76034711
491,76555669
492,76241578
493,76630718
494,77019610
495,75520056
496,75842896
497,77377136
498,76635700
499,77784808
500,77120936
501,81343940
502,78661922
503,76907466
504,77468441
505,83325999
506,84738139
507,80014745
508,78633253
509,84436571
510,80279234
511,79728625
512,80887179
513,80966751
514,80817795
515,87475488
516,86196164
517,85487576
518,86263062
519,80795886
520,86451607
521,80339103
522,80040762
523,80054944
524,80125458
525,80189368
526,82041265
527,80440186
528,80381017
529,82234961
530,82342143
531,82292906
532,80090547
533,80444920
534,81004438
535,80281867
536,79611481
537,80177007
538,80686531
539,79467738
540,80085964
541,80262378
542,80486051
543,80572181
544,80431726
545,80951024
546,81030147
547,80044859
548,79818075
549,81123285
550,79390409
551,80069018
552,80465621
553,80693000
554,79906651
555,79908546
556,81493015
557,79991338
558,82456704
559,79808041
560,80333902
561,81068878
562,79877606
563,101859996
564,82702897
565,80349027
566,79885655
567,80261580
568,80577306
569,81039002
570,80445406
571,81197403
572,80229497
573,80421432
574,79890917
575,79490915
576,80314962
577,81063659
578,80577545
579,81076099
580,79854994
581,79517970
582,80127839
583,82660262
584,80989852
585,81586395
586,83606688
587,80180794
588,79088594
589,80314764
590,80820846
591,79632566
592,80964813
593,80349079
594,80724498
595,78540906
596,79650217
597,79429748
598,78922337
599,79809923
600,80542357
601,79496913
602,79728843
603,81056515
604,81156282
605,79171880
606,80368538
607,79681061
608,80894019
609,80011878
610,80267344
611,80064927
612,79676708
613,79400637
614,78172094
615,79392297
616,78458977
617,80901284
618,81064206
619,81045573
620,80808300
621,78142936
622,80180170
623,79829553
624,79937633
625,85406433
626,79266350
627,77731209
628,79868183
629,79644039
630,79318273
631,79522815
632,79802836
633,80615956
634,79430747
635,80176555
636,80773454
637,78900861
638,81733328
639,79869180
640,79484884
641,80650515
642,78124575
643,81426560
644,81556421
645,81399909
646,80582203
647,81000442
648,81718959
649,80909834
650,78825683
651,80848921
652,78094533
653,78047980
654,80202892
655,79430068
656,79428270
657,79663289
658,78592330
659,78380059
660,82306306
661,79544678
662,79730358
663,100732673
664,81798143
665,81333584
666,79882123
667,80402812
668,80512463
669,78151853
670,80049491
671,78656614
672,78992425
673,78310640
674,78947369
675,84487201
676,76328993
677,76391413
678,77436906
679,76227564
680,76433678
681,77663117
682,76565807
683,83474552
684,75838394
685,78105218
686,81481057
687,76095173
688,83939243
689,81617444
690,77218730
691,80630303
692,77836457
693,80735075
694,77172125
695,76032189
696,76987059
697,77682599
698,77314636
699,76725324
700,76955480
701,79423407
702,76049214
703,75840169
704,76567934
705,78279902
706,76989922
707,77752263
708,76630485
709,77460834
710,76301692
711,77556647
712,76620550
713,77023414
714,77896676
715,77058730
716,75973720
717,76359398
718,79582973
719,79163554
720,76723142
721,76987512
722,75859893
723,77915220
724,76588631
725,77282779
726,76568143
727,75727091
728,77790491
729,76486097
730,76776495
731,76937296
732,78519099
733,80016715
734,79774183
735,77588693
736,79402667
737,76152681
738,77676414
739,79210816
740,76011545
741,76640706
742,76058762
743,77822635
744,77329507
745,77207546
746,76878726
747,77331570
748,76144182
749,77046999
750,78482275
751,76943361
752,78831651
753,76407405
754,76484291
755,77476049
756,77564859
757,81328719
758,82107439
759,82662547
760,95961004
761,79347366
762,75913764
763,82660208
764,80919663
765,80524295
766,78853539
767,79196760
768,78600018
769,77390459
770,77239749
771,76970276
772,78137005
773,79627268
774,78128281
775,76553813
776,77678423
777,76994397
778,78711617
779,76194249
780,76840190
781,76503492
782,77880939
783,77618302
784,77563109
785,77501764
786,76888607
787,77839775
788,76886392
789,76818134
790,77649991
791,76285492
792,77381789
793,77206420
794,76902219
795,76917027
796,77621039
797,78078370
798,78329619
799,77580680
800,80282027
801,81417127
802,76050596
803,80390171
804,77766956
805,78975457
806,79557451
807,79044833
808,78791012
809,79000500
810,80739929
811,78747300
812,78901387
813,79507471
814,78555105
815,79067300
816,79183009
817,78923984
818,78811307
819,79755215
820,80308502
821,81169016
822,79990146
823,79113695
824,79469441
825,78329119
826,79343307
827,79389042
828,79679040
829,80560578
830,79255588
831,79968527
832,79698961
833,79340445
834,78556175
835,78559505
836,79313269
837,80350054
838,78941694
839,79386241
840,79604591
841,80026867
842,78897594
843,79025236
844,78540267
845,78595585
846,78186871
847,78661835
848,79174196
849,80062412
850,79336280
851,79257291
852,78954055
853,80479226
854,79722263
855,80670252
856,79269373
857,78501742
858,79350317
859,77718949
860,96877746
861,79633255
862,84873497
863,84770156
864,80109717
865,80864984
866,80053830
867,79567038
868,79104448
869,79352027
870,78760971
871,80194628
872,79106672
873,92423145
874,84090159
875,84199490
876,84062280
877,78728576
878,81225785
879,78402141
880,79605730
881,83284778
882,84379817
883,83842045
884,84730597
885,85051293
886,87420500
887,86331880
888,86162157
889,84260483
890,87231322
891,86372625
892,87062288
893,88697787
894,85235152
895,87584737
896,86469576
897,86230001
898,89422375
899,86935351
900,84482356
901,86053782
902,84794072
903,86092536
904,93572739
905,85613532
906,85533765
907,85845805
908,86603872
909,87585892
910,88080805
911,84457724
912,84887263
913,86512474
914,85153477
915,85576607
916,85981716
917,88359537
918,85782228
919,86610233
920,86294852
921,86104887
922,88333870
923,87686044
924,82242457
925,84444315
926,83847293
927,84427349
928,85143267
929,90240275
930,83894408
931,83076557
932,85279985
933,84946868
934,86754079
935,86120941
936,85357113
937,85189188
938,84259129
939,85602775
940,85965101
941,84091956
942,84675834
943,85156549
944,85183975
945,85395131
946,87343011
947,86531089
948,87643344
949,87667078
950,89563701
951,87550996
952,85481485
953,85984515
954,86130905
955,89357893
956,86798325
957,85298646
958,85350717
959,85064371
960,90479842
961,90295886
962,85413427
963,86334193
964,96768015
965,95040529
966,86038406
967,113626054
968,91469777
969,93593566
970,90253176
971,87039811
972,86256993
973,85292595
974,87176353
975,83775931
976,86322961
977,84739425
978,85778280
979,86987878
980,84870573
981,83614833
982,83867751
983,88865262
984,86000499
985,86856774
986,86545159
987,84398416
988,84664441
989,88026533
990,86696838
991,83752772
992,84848596
993,84982279
994,83574365
995,85336072
996,83894163
997,83523123
998,84213506
999,89603894
1000,90046575
1001,89177729
1002,88052298
1003,83684352
1004,84842495
1005,85244152
1006,86978996
1007,87694843
1008,92754836
1009,88378668
1010,87607083
1011,83680734
1012,84881836
1013,84335681
1014,97004479
1015,85998260
1016,86490236
1017,85755036
1018,85017776
1019,86292932
1020,89530904
1021,89801872
1022,88856019
1023,90638475
1024,100217695
1025,97398099
1026,89229955
1027,86405553
1028,86320532
1029,87912637
1030,85961590
1031,88953522
1032,88012190
1033,84517141
1034,85624405
1035,85700425
1036,84165166
1037,84810426
1038,87092757
1039,84942113
1040,84522536
1041,85758315
1042,85198235
1043,84181379
1044,89960577
1045,85096327
1046,83724907
1047,85080849
1048,89228186
1049,83426961
1050,84020200
1051,84371145
1052,85516519
1053,84285642
1054,89151183
1055,89154429
1056,84169953
1057,83368623
1058,84710361
1059,84532822
1060,86709931
1061,84014400
1062,86637981
1063,89287927
1064,89595312
1065,89711209
1066,86040898
1067,84820168
1068,84623106
1069,84208488
1070,86010239
1071,84616857
1072,86861154
1073,84665331
1074,86117110
1075,85563662
1076,86317029
1077,85106605
1078,86131842
1079,85911583
1080,108328313
1081,88577975
1082,86135902
1083,86060187
1084,85077931
1085,86550477
1086,86493508
1087,86907923
1088,85749940
1089,83101352
1090,84639786
1091,83559520
1092,82945522
1093,84382395
1094,84836409
1095,84518609
1096,83891072
1097,84132370
1098,83593119
1099,84168119
1100,85661149
1101,83960113
1102,83960747
1103,88855905
1104,82314964
1105,89973209
1106,88293127
1107,89657665
1108,88168331
1109,88634323
1110,87883092
1111,82563345
1112,85361647
1113,84963341
1114,84971611
1115,87024134
1116,85892116
1117,90082255
1118,84513002
1119,84863052
1120,84911626
1121,84420579
1122,84201901
1123,84072102
1124,85297549
1125,84411704
1126,82632597
1127,88825695
1128,84505010
1129,87740986
1130,83931635
1131,87893398
1132,83848397
1133,83198073
1134,85475886
1135,82858902
1136,83084814
1137,83411545
1138,80405379
1139,78922667
1140,79354366
1141,77004651
1142,78866834
1143,77735229
1144,77756333
1145,77756242
1146,78789065
1147,75966041
1148,81085001
1149,81432880
1150,78500942
1151,75707289
1152,77499598
1153,77189761
1154,76507679
1155,75679971
1156,80448823
1157,76216079
1158,77215225
1159,77007543
1160,76712340
1161,76082634
1162,77050093
1163,77208157
1164,77267684
1165,77758464
1166,78236987
1167,77011565
1168,76655233
1169,77619625
1170,76368840
1171,76239139
1172,78377309
1173,76853219
1174,76595387
1175,76164184
1176,77717771
1177,75859215
1178,78357754
1179,76321463
1180,77157158
1181,99940743
1182,77221732
1183,76949706
1184,78183718
1185,77314893
1186,78403218
1187,77403781
1188,77506695
1189,76647372
1190,77673606
1191,81079068
1192,78593597
1193,77671354
1194,79293710
1195,78954053
1196,77607082
1197,77345605
1198,78385423
1199,77012142
1200,77042579
1201,77084920
1202,77006890
1203,77485273
1204,77289658
1205,76741951
1206,75457681
1207,76308863
1208,76492700
1209,76648901
1210,77259687
1211,76833998
1212,77129947
1213,76483507
1214,78071677
1215,76990456
1216,76767524
1217,78372853
1218,78202392
1219,77646403
1220,76152801
1221,76892239
1222,77641252
1223,76648328
1224,76149043
1225,77401728
1226,81716109
1227,78486303
1228,76902222
1229,76458783
1230,78368680
1231,78681988
1232,78165624
1233,77831293
1234,78865464
1235,79467546
1236,77337900
1237,77776552
1238,77372967
1239,77725494
1240,78295543
1241,78704886
1242,78245353
1243,79149383
1244,78934971
1245,79397678
1246,78792553
1247,77625223
1248,77523531
1249,76273531
1250,79203911
1251,78516330
1252,79062341
1253,77049666
1254,78557853
1255,77089681
1256,78974747
1257,77838702
1258,77632502
1259,77794893
1260,79296858
1261,77706757
1262,79431714
1263,77990917
1264,78165328
1265,77776829
1266,77638923
1267,78672966
1268,79034505
1269,77528159
1270,78668485
1271,77201145
1272,78091692
1273,75443131
1274,78416981
1275,78368960
1276,77582252
1277,77685940
1278,78154949
1279,75716740
1280,79136172
1281,77901862
1282,78289384
1283,98608357
1284,77398322
1285,76470782
1286,81501860
1287,78321150
1288,79797333
1289,78238997
1290,77731825
1291,77755124
1292,78306967
1293,77973875
1294,78261989
1295,78353719
1296,78449335
1297,77596475
1298,77447269
1299,78141618
1300,77691986
1301,77418222
1302,77336495
1303,77790135
1304,77919506
1305,77599078
1306,77488427
1307,77219316
1308,77678215
1309,80283494
1310,78220642
1311,77258913
1312,78099964
1313,77439207
1314,77779327
1315,76677650
1316,79359064
1317,79327176
1318,80272867
1319,80611627
1320,79255538
1321,79447032
1322,79780685
1323,77417782
1324,79084189
1325,80030350
1326,77531113
1327,77641820
1328,77604803
1329,77294298
1330,77255756
1331,78860773
1332,76749977
1333,77613882
1334,78316435
1335,77557681
1336,80313774
1337,78498093
1338,77417288
1339,79737304
1340,78221201
1341,78358026
1342,82607607
1343,78584514
1344,79027027
1345,78230550
1346,77896822
1347,78938157
1348,78022425
1349,78941898
1350,77413914
1351,79239906
1352,76441202
1353,78021756
1354,78965315
1355,77358136
1356,78309915
1357,76114488
1358,77552961
1359,77538901
1360,77405520
1361,77648931
1362,79483585
1363,76242636
1364,76446147
1365,77938018
1366,82416982
1367,78169836
1368,76827575
1369,80420399
1370,82247768
1371,79540217
1372,79006873
1373,78262196
1374,77392403
1375,78505605
1376,77859405
1377,77263374
1378,77819390
1379,77907197
1380,77963874
1381,77494103
1382,77869960
1383,96738183
1384,78125867
1385,79630120
1386,77601504
1387,77340932
1388,78106870
1389,77532989
1390,77618492
1391,77609270
1392,77863240
1393,78031351
1394,79118242
1395,77889451
1396,79508845
1397,77867914
1398,78054477
1399,78910497
1400,79633415
1401,80047417
1402,78829143
1403,78163411
1404,78531611
1405,78235542
1406,78555107
1407,78445435
1408,77107007
1409,79462400
1410,78766399
1411,79216292
1412,82992471
1413,88434575
1414,77210576
1415,77168848
1416,77427645
1417,77411056
1418,77445409
1419,77234561
1420,77460257
1421,77568266
1422,77273837
1423,82999152
1424,83015528
1425,79158817
1426,83528050
1427,82704883
1428,80917185
1429,75305363
1430,77718575
1431,77514752
1432,77542626
1433,77394984
1434,77229527
1435,78765795
1436,76307717
1437,75697240
1438,76588679
1439,76893473
1440,76859172
1441,78210554
1442,76498716
1443,76525960
1444,76511023
1445,93143106
1446,76867130
1447,78996591
1448,79438220
1449,77587712
1450,76426244
1451,77195024
1452,78279521
1453,76885428
1454,78883040
1455,76762897
1456,77408486
1457,77489359
1458,82691764
1459,77913807
1460,78081469
1461,76797898
1462,79981420
1463,81440286
1464,79542884
1465,77269569
1466,83182087
1467,82217163
1468,77538863
1469,76528485
1470,79001876
1471,78147751
1472,79365719
1473,80426020
1474,79068312
1475,77590278
1476,81619196
1477,79645768
1478,77061996
1479,77794809
1480,77027848
1481,78068206
1482,77998735
1483,77951189
1484,78608204
1485,96904171
1486,79164264
1487,78389121
1488,77977777
1489,78324649
1490,78698913
1491,81004646
1492,77436145
1493,76697692
1494,78841339
1495,78172518
1496,77963691
1497,79463666
1498,79258333
1499,83708993
1500,78817352
1501,77333057
1502,85026199
1503,77574405
1504,77296981
1505,78416299
1506,76707891
1507,77819037
1508,78057841
1509,77284774
1510,77921498
1511,79658480
1512,82605336
1513,83280836
1514,83700354
1515,80413908
1516,79635553
1517,79076320
1518,77518888
1519,79007679
1520,82077065
1521,79576502
1522,80562455
1523,79728482
1524,76907505
1525,76991824
1526,77183275
1527,77500253
1528,79872543
1529,79041280
1530,78938868
1531,79603129
1532,78855673
1533,78014032
1534,77825402
1535,78088284
1536,78350535
1537,78137164
1538,77783865
1539,79222044
1540,78190958
1541,77800008
1542,77620523
1543,77723971
1544,77487135
1545,79612520
1546,76278259
1547,78643627
1548,78145791
1549,78123178
1550,78257752
1551,78575597
1552,78241782
1553,77897043
1554,78955502
1555,77457798
1556,77682702
1557,78424047
1558,79689758
1559,78644276
1560,80299381
1561,82235953
1562,79021213
1563,77419584
1564,77712821
1565,78492106
1566,77713842
1567,77208429
1568,77685503
1569,78345228
1570,83358737
1571,83439763
1572,82259822
1573,78688392
1574,78513401
1575,78906777
1576,78029779
1577,78315870
1578,78980553
1579,78928764
1580,79022654
1581,77775410
1582,76903458
1583,80259158
1584,77184994
1585,77525624
1586,77352447
1587,78589208
1588,77160528
1589,97085358
1590,78708532
1591,78249252
1592,78104386
1593,77475044
1594,78563692
1595,77452430
1596,77771035
1597,77493302
1598,78991415
1599,79636697
1600,78291967
1601,79139716
1602,78431097
1603,77015982
1604,77593015
1605,77500930
1606,77852294
1607,79358695
1608,79070527
1609,80880280
1610,79930217
1611,83570963
1612,77381197
1613,77887771
1614,78827950
1615,83337469
1616,82664073
1617,83061528
1618,78188396
1619,78729988
1620,78958911
1621,76851442
1622,77341203
1623,78158110
1624,84009506
1625,78535263
1626,77616017
1627,78551513
1628,79632242
1629,78626150
1630,78455454
1631,80168719
1632,78487241
1633,78615945
1634,78428105
1635,78237618
1636,78441507
1637,79498801
1638,77568475
1639,77509759
1640,76881857
1641,78217533
1642,77517983
1643,79370096
1644,79811845
1645,78428349
1646,80433267
1647,79123490
1648,76856832
1649,83007244
1650,76742442
1651,78482691
1652,78106122
1653,78130924
1654,78497735
1655,77758305
1656,77478828
1657,78770010
1658,78418416
1659,77588620
1660,77772177
1661,78367457
1662,79489537
1663,77989334
1664,79309104
1665,78759745
1666,77809644
1667,78260515
1668,78477022
1669,78630049
1670,78964554
1671,77534509
1672,77188825
1673,77796304
1674,78060848
1675,79209614
1676,77997410
1677,79719439
1678,81626807
1679,80001790
1680,79256498
1681,78895643
1682,77022951
1683,79069163
1684,78065280
1685,78015730
1686,78408071
1687,80684016
1688,78751452
1689,78309508
1690,78735813
1691,79821578
1692,78096482
1693,96357795
1694,79339839
1695,78073087
1696,78163814
1697,77739713
1698,76954675
1699,76972331
1700,85009162
1701,82617349
1702,83681249
1703,76131671
1704,77831826
1705,76042632
1706,76113312
1707,78423353
1708,77007711
1709,78291201
1710,81422014
1711,77564182
1712,81897389
1713,76277598
1714,76338001
1715,79815085
1716,76679229
1717,77308174
1718,77492351
1719,77889114
1720,79451989
1721,76821928
1722,76481726
1723,78203253
1724,75670533
1725,77456984
1726,77449739
1727,76360902
1728,77219578
1729,75842024
1730,75471185
1731,76778321
1732,75631780
1733,76853369
1734,77105473
1735,76822020
1736,78441108
1737,77437356
1738,75857739
1739,75314677
1740,75600879
1741,77514367
1742,77915516
1743,79326907
1744,80511991
1745,81349656
1746,83396167
1747,84841957
1748,84526399
1749,84016037
1750,85673054
1751,86683902
1752,85778491
1753,87974915
1754,87899487
1755,87464095
1756,85417732
1757,90338484
1758,85568402
1759,90283679
1760,83957822
1761,85134793
1762,87355293
1763,86463644
1764,85676055
1765,85308005
1766,86150826
1767,85973225
1768,85042092
1769,93091915
1770,96816856
1771,92691593
1772,92909989
1773,86626566
1774,86899549
1775,89212122
1776,87293320
1777,85232158
1778,86101342
1779,84905369
1780,85756733
1781,85765097
1782,85187773
1783,84785532
1784,84694033
1785,85846852
1786,84888231
1787,84737020
1788,87450659
1789,85957901
1790,84672842
1791,84037467
1792,85197977
1793,107827037
1794,92007429
1795,88582956
1796,86874322
1797,86987766
1798,86202444
1799,85436104
1800,85144398
1801,85864798
1802,85914052
1803,84559751
1804,86472795
1805,85647210
1806,87311674
1807,85941009
1808,88344187
1809,88078451
1810,84965671
1811,85233700
1812,85004783
1813,84776152
1814,83462998
1815,84100752
1816,86259988
1817,85933736
1818,86078195
1819,88307961
1820,90245963
1821,88016832
1822,84331455
1823,86282040
1824,83242891
1825,83134237
1826,83899681
1827,85460446
1828,85888520
1829,83607583
1830,84615380
1831,85298548
1832,84868677
1833,84985960
1834,85682866
1835,85910280
1836,83287015
1837,85113485
1838,84904766
1839,87461657
1840,84332675
1841,84576772
1842,85620739
1843,83883251
1844,85524166
1845,84737830
1846,84083943
1847,84942850
1848,83852526
1849,84138317
1850,84240398
1851,84187999
1852,86410180
1853,86568082
1854,85906210
1855,86268375
1856,83920327
1857,84704819
1858,85216361
1859,83653950
1860,85236571
1861,84872852
1862,83884346
1863,83722846
1864,83912546
1865,83594877
1866,84770390
1867,88563405
1868,85074222
1869,83449751
1870,87562143
1871,95291820
1872,88362579
1873,88225832
1874,90774780
1875,84289434
1876,84259345
1877,83656521
1878,83903712
1879,83958342
1880,85001131
1881,84556277
1882,84158605
1883,84084632
1884,85547192
1885,84754536
1886,87495460
1887,84233195
1888,84701583
1889,83472708
1890,84940703
1891,83481969
1892,83229698
1893,84707638
1894,87837855
1895,87965137
1896,82757532
1897,86860408
1898,104256061
1899,87844760
1900,85379884
1901,85253804
1902,84689388
1903,85199723
1904,84873131
1905,86435007
1906,84858010
1907,84556849
1908,83664821
1909,82950471
1910,84949622
1911,83408869
1912,85562709
1913,85093382
1914,87210776
1915,81457445
1916,83914350
1917,83587538
1918,83659807
1919,84151845
1920,84751665
1921,82776254
1922,80320580
1923,79680540
1924,83447606
1925,76720472
1926,76550378
1927,77107566
1928,76716287
1929,76148535
1930,78697676
1931,75805163
1932,77261340
1933,76615696
1934,76947506
1935,77761862
1936,76421049
1937,78802149
1938,78671359
1939,76449358
1940,76542025
1941,77245826
1942,75713851
1943,77296484
1944,75649901
1945,75842714
1946,78419375
1947,79039633
1948,76995639
1949,75768183
1950,77050313
1951,76578456
1952,76809166
1953,77534163
1954,77972918
1955,76456005
1956,77722103
1957,76399891
1958,76685749
1959,75930297
1960,77047238
1961,77342150
1962,78454037
1963,75958542
1964,77133692
1965,78036265
1966,77161762
1967,76022473
1968,77211436
1969,76105188
1970,77350928
1971,75946199
1972,77437152
1973,76672493
1974,76942902
1975,76339339
1976,75974927
1977,77750766
1978,76921899
1979,76493693
1980,77566130
1981,77842089
1982,80470049
1983,75715165
1984,77025264
1985,77191558
1986,77677664
1987,76519771
1988,79571397
1989,78108990
1990,77750094
1991,76126602
1992,78362730
1993,77819323
1994,81910460
1995,77176183
1996,76109952
1997,78305572
1998,77171410
1999,75974711
2000,77756376
2001,78161845
2002,77097534
2003,77037284
2004,76426222
2005,77101786
2006,77138638
2007,75749557
2008,78374081
2009,97940770
2010,80570225
2011,77552676
2012,76312989
2013,77011933
2014,76214640
2015,76136248
2016,78929970
2017,78584757
2018,75773405
2019,77225101
2020,75893092
2021,76784466
2022,77720131
2023,79381245
2024,79605201
2025,76343238
2026,75522675
2027,78176354
2028,77720936
2029,78526395
2030,76659541
2031,77933389
2032,77403085
2033,76558487
2034,76238112
2035,77364979
2036,77498843
2037,77015856
2038,76804206
2039,76747726
2040,77583419
2041,77530922
2042,78725103
2043,78530192
2044,78297465
2045,82738067
2046,81816605
2047,83244447
2048,79314882
2049,78052190
2050,78486995
2051,78476438
2052,78755019
2053,78368907
2054,77743479
2055,78902693
2056,78160275
2057,78574970
2058,79941611
2059,80996292
2060,75710126
2061,79980479
2062,78042896
2063,75682351
2064,77889808
2065,79256418
2066,80985762
2067,78265268
2068,79202137
2069,77773722
2070,78078671
2071,76589074
2072,77577459
2073,77190132
2074,77290006
2075,76772582
2076,76326155
2077,77132061
2078,76601105
2079,76411043
2080,75761715
2081,79437304
2082,76824105
2083,77101215
2084,78135496
2085,76341474
2086,81280832
2087,85296491
2088,79188764
2089,77327961
2090,78927422
2091,78956076
2092,78365079
2093,80494819
2094,76713733
2095,77064939
2096,77671182
2097,77879588
2098,76103160
2099,78123853
2100,77521348
2101,77785845
2102,76379516
2103,75111331
2104,77550392
2105,76306805
2106,80974415
2107,79491103
2108,75822325
2109,98487211
2110,77690347
2111,77331290
2112,76862925
2113,77173665
2114,77703211
2115,76632142
2116,80024017
2117,78147662
2118,79729536
2119,80086130
2120,77364198
2121,75759203
2122,76882471
2123,77602719
2124,76120310
2125,78206904
2126,77144172
2127,76823254
2128,77663251
2129,77800105
2130,76207198
2131,79114112
2132,75682788
2133,78595976
2134,76103075
2135,80068893
2136,77971483
2137,77381950
2138,82675825
2139,81679732
2140,82871603
2141,82048076
2142,81636460
2143,78361040
2144,77727480
2145,78251891
2146,77930942
2147,78163256
2148,76757101
2149,76116748
2150,76871804
2151,77468004
2152,78849427
2153,77633988
2154,77335913
2155,78871717
2156,79110215
2157,82245896
2158,78910674
2159,78878362
2160,76599888
2161,76790192
2162,76295649
2163,78493652
2164,77898733
2165,82552719
2166,79559677
2167,79509769
2168,80392725
2169,81396735
2170,77682229
2171,78793025
2172,77610452
2173,79336870
2174,77791096
2175,78146499
2176,77232381
2177,79455544
2178,78733628
2179,79794343
2180,82778751
2181,83299531
2182,83164613
2183,87208476
2184,77636042
2185,78405564
2186,78232370
2187,77711625
2188,77881527
2189,79626117
2190,84129772
2191,84424090
2192,78494347
2193,77580064
2194,81299765
2195,77853320
2196,77627871
2197,78626698
2198,87363608
2199,77013072
2200,77812974
2201,77126469
2202,78608306
2203,76678220
2204,76544268
2205,75524654
2206,76624255
2207,76884877
2208,76080901
2209,75517432
2210,76654167
2211,78172866
2212,99742783
2213,79019092
2214,76480126
2215,78495938
2216,78076144
2217,75646151
2218,76224312
2219,79898355
2220,76501172
2221,76821892
2222,77337364
2223,78701076
2224,75261798
2225,77119052
2226,77392898
2227,77606333
2228,77227980
2229,76513162
2230,76068542
2231,76943922
2232,76102405
2233,76805718
2234,77047233
2235,76466022
2236,77004664
2237,76416742
2238,75849390
2239,77479965
2240,77865639
2241,76018591
2242,84834914
2243,78484022
2244,76656537
2245,79414827
2246,75675371
2247,75928495
2248,77865706
2249,75705459
2250,78718039
2251,79942798
2252,76659109
2253,79808361
2254,76299389
2255,78047557
2256,77690468
2257,75682640
2258,79138994
2259,77262532
2260,76870836
2261,75773894
2262,75954706
2263,75515680
2264,83320309
2265,80961634
2266,81676413
2267,78682045
2268,77012980
2269,78452602
2270,77797142
2271,80652760
2272,76490835
2273,76733537
2274,76491803
2275,77173331
2276,76434196
2277,81251838
2278,78193322
2279,77324498
2280,77132808
2281,76410673
2282,77469032
2283,76940233
2284,78145825
2285,78170634
2286,76184181
2287,75577805
2288,77409587
2289,76322612
2290,78004343
2291,76428768
2292,78279128
2293,76657860
2294,76123982
2295,76437582
2296,75765539
2297,77383582
2298,76769354
2299,76806872
2300,76543008
2301,77369972
2302,78502761
2303,76448188
2304,76820109
2305,77888121
2306,78119164
2307,78314575
2308,78441300
2309,78948311
2310,77843740
2311,75948778
2312,77219654
2313,77341201
2314,96114482
2315,81418442
2316,76167273
2317,77959866
2318,77103846
2319,78612613
2320,79043818
2321,76818715
2322,78527825
2323,77857219
2324,75895650
2325,77779747
2326,77764076
2327,76239332
2328,78644464
2329,76864898
2330,87494246
2331,78017882
2332,76480135
2333,77696729
2334,77582039
2335,76592420
2336,77089343
2337,77246178
2338,75377199
2339,77499467
2340,77120286
2341,78759114
2342,77906461
2343,82646006
2344,77699772
2345,77057539
2346,77286092
2347,78511150
2348,78866543
2349,77997392
2350,77982969
2351,79017353
2352,78157787
2353,79111862
2354,75868668
2355,77523204
2356,78214113
2357,77689823
2358,77953188
2359,77526455
2360,77892957
2361,77919933
2362,81383927
2363,78515775
2364,78025124
2365,78987444
2366,78360168
2367,77129904
2368,77747278
2369,78625759
2370,83024306
2371,77834797
2372,77905640
2373,79025371
2374,77959510
2375,74732699
2376,77917559
2377,77427529
2378,78692631
2379,78172240
2380,77736403
2381,80207352
2382,78875432
2383,79377613
2384,78573042
2385,78145696
2386,77959317
2387,82699357
2388,83536498
2389,84135997
2390,82916882
2391,79241720
2392,83224607
2393,80417443
2394,79031628
2395,78979234
2396,81623229
2397,80277782
2398,79042962
2399,80203893
2400,80199097
2401,79578808
2402,78320840
2403,78328608
2404,81477601
2405,81491288
2406,76815254
2407,78533732
2408,78083704
2409,80490953
2410,78842460
2411,79107508
2412,77608675
2413,78370165
2414,79006374
2415,78669383
2416,90704664
2417,83423931
2418,79218978
2419,78975093
2420,79318334
2421,77959438
2422,77937260
2423,78231131
2424,80146095
2425,78681047
2426,79258342
2427,79173832
2428,79933178
2429,77872269
2430,78771867
2431,78598699
2432,79228247
2433,87213530
2434,91167922
2435,83598503
2436,83917083
2437,84621944
2438,85321805
2439,88979511
2440,89974702
2441,90554033
2442,91942506
2443,87455139
2444,85997549
2445,86967838
2446,85714429
2447,86997010
2448,85309509
2449,85906579
2450,87036161
2451,86890702
2452,85114288
2453,84962099
2454,85409852
2455,84959321
2456,84317471
2457,84812537
2458,83755502
2459,85211244
2460,84349724
2461,84394854
2462,85856833
2463,84587881
2464,84979569
2465,86737576
2466,85332188
2467,85451508
2468,84282024
2469,84752860
2470,85785397
2471,87090095
2472,85473329
2473,84393478
2474,86480408
2475,85109645
2476,86866277
2477,85255468
2478,84409813
2479,84536802
2480,84126599
2481,87624348
2482,84376287
2483,84257938
2484,86670325
2485,86362995
2486,83792287
2487,83933515
2488,84213034
2489,85061390
2490,86026678
2491,88338413
2492,88555791
2493,86179663
2494,86905241
2495,86338522
2496,91217826
2497,90585603
2498,86786706
2499,84829016
2500,86164672
2501,84455898
2502,85700465
2503,85259365
2504,89780238
2505,89795393
2506,84347697
2507,84657273
2508,83767563
2509,88589584
2510,96210228
2511,88451299
2512,90766793
2513,91718614
2514,87028879
2515,84885506
2516,87036129
2517,112075683
2518,92968335
2519,89149018
2520,86658095
2521,88017714
2522,85051659
2523,85374894
2524,85281989
2525,84213955
2526,83744436
2527,83535730
2528,85165081
2529,83520592
2530,85672486
2531,83851599
2532,83866162
2533,85214051
2534,85863539
2535,83820377
2536,85229916
2537,83207760
2538,84498382
2539,84305164
2540,84126071
2541,83948007
2542,85083066
2543,89085742
2544,88343338
2545,89936796
2546,85029497
2547,83916555
2548,86592376
2549,86169207
2550,87953359
2551,85948000
2552,86458757
2553,85493122
2554,85439626
2555,90327062
2556,90482176
2557,90459342
2558,90376576
2559,85809272
2560,87658937
2561,85881054
2562,86084972
2563,86479838
2564,84453249
2565,84660272
2566,84867615
2567,84481043
2568,84598725
2569,84416325
2570,83864766
2571,84454338
2572,85086511
2573,84957835
2574,83821791
2575,82810774
2576,84229689
2577,84388302
2578,85585481
2579,83430871
2580,84124513
2581,83994432
2582,83123919
2583,84150181
2584,101640492
2585,87970583
2586,86724577
2587,86018731
2588,85673285
2589,82974911
2590,84901984
2591,85453213
2592,83243812
2593,83559198
2594,84630740
2595,83902856
2596,83684276
2597,83470935
2598,85157706
2599,84676678
2600,85330330
2601,85578314
2602,85224947
2603,85834472
2604,86129092
2605,84996521
2606,87145788
2607,95333826
2608,83915882
2609,88011740
2610,85949634
2611,83943640
2612,86033751
2613,84644889
2614,85467385
2615,91064889
2616,103963345
2617,87671496
2618,83472242
2619,80576499
2620,84455013
2621,78436791
2622,77379733
2623,77068579
2624,80017086
2625,83919793
2626,84114738
2627,77954571
2628,79964127
2629,78281185
2630,79083299
2631,80285556
2632,82071365
2633,80415644
2634,82118456
2635,81230460
2636,85940623
2637,82721693
2638,83720682
2639,82521029
2640,82292625
2641,79611353
2642,79710680
2643,80381680
2644,82421046
2645,84082075
2646,83086257
2647,82454086
2648,84792052
2649,85451069
2650,88977668
2651,87546821
2652,87010723
2653,87857183
2654,88226347
2655,92338098
2656,86121549
2657,87382909
2658,89078102
2659,87989378
2660,87643374
2661,87258867
2662,86887923
2663,85117001
2664,89788428
2665,90018785
2666,87167203
2667,88353096
2668,86767361
2669,88087453
2670,86356927
2671,90669160
2672,85461904
2673,85968782
2674,85844667
2675,87615577
2676,88771675
2677,87446985
2678,87009730
2679,86701146
2680,86017132
2681,91922027
2682,88120225
2683,85453658
2684,82166551
2685,80621992
2686,82610722
2687,78932642
2688,77956692
2689,78995200
2690,78979752
2691,76614421
2692,77476857
2693,77171925
2694,78842625
2695,77861667
2696,78198728
2697,82154179
2698,82578787
2699,83382874
2700,77467763
2701,76944656
2702,76714292
2703,76887754
2704,78724712
2705,80630137
2706,77377469
2707,77869417
2708,77728565
2709,78611162
2710,92146183
2711,80055252
2712,77299934
2713,77289054
2714,78403057
2715,78880145
2716,78820029
2717,78921970
2718,78141239
2719,78543344
2720,77633785
2721,83256611
2722,95948213
2723,77869783
2724,77518825
2725,78769178
2726,77998947
2727,78251790
2728,78387495
2729,78378699
2730,79340792
2731,78393390
2732,77596971
2733,77681320
2734,78031873
2735,78573051
2736,79456007
2737,77889857
2738,79712921
2739,78194939
2740,81018962
2741,77179413
2742,76956820
2743,77231459
2744,77313782
2745,76781437
2746,78873803
2747,77321028
2748,78725942
2749,77244679
2750,77475324
2751,77832600
2752,77860051
2753,78180150
2754,78888705
2755,78115641
2756,79138533
2757,78891290
2758,78803363
2759,82606641
2760,78980363
2761,78590320
2762,80052802
2763,78928884
2764,78935898
2765,81705011
2766,81253773
2767,88780297
2768,77469856
2769,78667268
2770,77207713
2771,77099574
2772,78218675
2773,77824788
2774,79725874
2775,77953483
2776,78204210
2777,78915713
2778,78807271
2779,78455737
2780,78179642
2781,79277407
2782,77638078
2783,77879644
2784,81012922
2785,80201043
2786,83574322
2787,81384543
2788,80999621
2789,79162549
2790,80059100
2791,77715191
2792,77561760
2793,83064488
2794,77417081
2795,77408095
2796,79399254
2797,78183337
2798,79272026
2799,78324970
2800,78313933
2801,79379007
2802,77979307
2803,78366267
2804,80900319
2805,97504185
2806,79273316
2807,77363029
2808,79223976
2809,78175751
2810,75978793
2811,80483304
2812,77997702
2813,77333858
2814,77519094
2815,78087532
2816,78695657
2817,76803361
2818,77665671
2819,78384701
2820,79099805
2821,79570853
2822,80318020
2823,78291916
2824,78733912
2825,79278288
2826,78706742
2827,78463704
2828,77161997
2829,78161929
2830,77853450
2831,77930363
2832,77863129
2833,76787184
2834,79385683
2835,80410137
2836,83387502
2837,84674540
2838,78496026
2839,77256806
2840,80034814
2841,78268870
2842,78480469
2843,83768681
2844,82974915
2845,78644777
2846,78425837
2847,78022400
2848,79946377
2849,82150286
2850,78912238
2851,79960473
2852,77860975
2853,78808422
2854,78137939
2855,77499045
2856,79542796
2857,83273130
2858,82606458
2859,75941404
2860,76888381
2861,76233328
2862,76953790
2863,78018725
2864,76959648
2865,77177068
2866,76434095
2867,77444517
2868,76880658
2869,76460637
2870,78304267
2871,78601348
2872,80511852
2873,80510894
2874,80834422
2875,81254966
2876,81338625
2877,76311032
2878,77019712
2879,81732849
2880,81946566
2881,82016925
2882,86899942
2883,78026528
2884,76036531
2885,77624690
2886,76080753
2887,77910580
2888,76851694
2889,79951812
2890,81545768
2891,83655171
2892,86416311
2893,89335330
2894,83970617
2895,85733359
2896,90314224
2897,86753445
2898,85322847
2899,87141688
2900,84490311
2901,84652645
2902,85825738
2903,86082220
2904,86697750
2905,84060898
2906,84529581
2907,88271564
2908,103892589
2909,97739803
2910,90203474
2911,89237252
2912,90990539
2913,86903549
2914,88876062
2915,85829753
2916,87856798
2917,84631284
2918,84647454
2919,84906243
2920,86196762
2921,85292041
2922,86790776
2923,87971159
2924,84444569
2925,85384008
2926,85254306
2927,84639531
2928,84297517
2929,88644238
2930,87675670
2931,88444181
2932,85508227
2933,85719635
2934,84833679
2935,86660386
2936,85930685
2937,87399068
2938,85474986
2939,85997735
2940,86228361
2941,84311998
2942,84660308
2943,84465941
2944,85040853
2945,85708222
2946,84996729
2947,84223695
2948,86151490
2949,85712581
2950,85417891
2951,84844086
2952,86662410
2953,85729798
2954,85927268
2955,86154977
2956,85808605
2957,86370264
2958,86278675
2959,85742988
2960,85792980
2961,84424699
2962,84366570
2963,84506810
2964,84385920
2965,89728029
2966,84063242
2967,84499207
2968,84077125
2969,87372595
2970,85686662
2971,87810624
2972,86916688
2973,86900249
2974,91404623
2975,83687170
2976,84109989
2977,85053341
2978,84983608
2979,86442773
2980,85194272
2981,84348501
2982,85647117
2983,86543296
2984,86753905
2985,86289264
2986,86417771
2987,86069145
2988,83256953
2989,86352976
2990,85856320
2991,87849144
2992,84403263
2993,83799935
2994,83484352
2995,84924663
2996,83053664
2997,83468777
2998,84938505
2999,85581226
3000,86733786
3001,88197516
3002,84660346
3003,88907526
3004,86527560
3005,83597095
3006,85405316
3007,84492730
3008,84385639
3009,84430674
3010,83496138
3011,84413667
3012,91613515
3013,100596376
3014,87630791
3015,86981052
3016,85308477
3017,84562992
3018,84341164
3019,83800682
3020,84312793
3021,84418655
3022,83659549
3023,85886324
3024,85350728
3025,85729967
3026,85012676
3027,86100626
3028,86491005
3029,83601851
3030,86093180
3031,83195043
3032,84126159
3033,83238301
3034,84135543
3035,84569438
3036,83962021
3037,84328773
3038,86476022
3039,85680259
3040,83629883
3041,89907145
3042,88682341
3043,87077957
3044,88146303
3045,87693397
3046,83660295
3047,85399199
3048,84686427
3049,86375506
3050,83825752
3051,84538891
3052,84769695
3053,96476277
3054,88470839
3055,88636847
3056,90576118
3057,90476158
3058,90033724
3059,87308099
3060,85887127
3061,86607421
3062,84611631
3063,85306479
3064,83659081
3065,83758240
3066,83914519
3067,84538980
3068,84511722
3069,85592352
3070,85053210
3071,83777969
3072,83741376
3073,84907164
3074,83484657
3075,83665534
3076,85787267
3077,85792335
3078,85382780
3079,83790731
3080,83624316
3081,85195791
3082,84687398
3083,86246674
3084,88886279
3085,84773694
3086,83754306
3087,83982295
3088,86076713
3089,84565612
3090,84486307
3091,84021171
3092,85066003
3093,84092416
3094,88783730
3095,89072094
3096,84059587
3097,86221864
3098,83130534
3099,84740906
3100,84035112
3101,84922875
3102,86487223
3103,84377213
3104,82751770
3105,83649023
3106,82922230
3107,84815044
3108,87710761
3109,83281688
3110,83791955
3111,84131478
3112,84130360
3113,83067692
3114,84344522
3115,83695806
3116,85395011
3117,84059272
3118,85582116
3119,85305785
3120,84332910
3121,86905578
3122,81315826
3123,103431253
3124,85142680
3125,80929829
3126,77381364
3127,77161053
3128,77189859
3129,77006990
3130,81674864
3131,82485748
3132,76922496
3133,77410967
3134,78150818
3135,81124885
3136,78258405
3137,78079033
3138,76781185
3139,77916071
3140,79929271
3141,78929970
3142,77377147
3143,78251112
3144,76710048
3145,80574321
3146,76593752
3147,79148551
3148,78934368
3149,80151979
3150,79134469
3151,82386682
3152,77481563
3153,82686185
3154,78203880
3155,77030941
3156,78393643
3157,77979257
3158,79738044
3159,77051777
3160,79623687
3161,79043868
3162,77611757
3163,77185364
3164,78066640
3165,77770488
3166,79618766
3167,82417984
3168,83157475
3169,83076326
3170,82764518
3171,82819993
3172,81687220
3173,82130798
3174,83546231
3175,82010525
3176,82920607
3177,81690165
3178,81711469
3179,83804200
3180,82129662
3181,83062089
3182,82277037
3183,78818167
3184,78864582
3185,80868591
3186,78084098
3187,79201634
3188,77358589
3189,78396930
3190,78754153
3191,77980980
3192,78390697
3193,77855919
3194,77971489
3195,77557400
3196,78006245
3197,81222285
3198,78408265
3199,78562944
3200,77776767
3201,77612716
3202,77793395
3203,77753290
3204,78612143
3205,78949754
3206,77548922
3207,78940980
3208,78980337
3209,76571464
3210,82471834
3211,82442514
3212,82511132
3213,84159218
3214,77933708
3215,78021802
3216,77885996
3217,77776857
3218,79160960
3219,78363053
3220,78842439
3221,77908770
3222,97497528
3223,78264193
3224,76221339
3225,77555995
3226,77654262
3227,96253400
3228,78663550
3229,79392467
3230,77935038
3231,79159798
3232,78648427
3233,78603042
3234,79640991
3235,80579889
3236,77869090
3237,77937199
3238,77718975
3239,77714334
3240,79085221
3241,82260865
3242,77244798
3243,78568421
3244,80100045
3245,78537212
3246,78407725
3247,79233452
3248,77463302
3249,79345710
3250,76974310
3251,77300029
3252,75236353
3253,77780205
3254,78771969
3255,78979871
3256,77609462
3257,78059920
3258,77910848
3259,83062178
3260,83972438
3261,79980350
3262,77767255
3263,77495091
3264,76994925
3265,78579209
3266,79150893
3267,78306265
3268,78252376
3269,77046740
3270,79630929
3271,77077207
3272,76909089
3273,77878021
3274,78676972
3275,78484768
3276,78263172
3277,77649558
3278,78245229
3279,77295448
3280,77231320
3281,78313545
3282,77823190
3283,80018124
3284,77900642
3285,76857379
3286,83977505
3287,83010602
3288,83620616
3289,83821055
3290,82394342
3291,84707834
3292,83217779
3293,82320783
3294,83221414
3295,77432166
3296,77572183
3297,78647287
3298,77971721
3299,78207687
3300,77633374
3301,77038132
3302,78471625
3303,77587353
3304,82105367
3305,79186866
3306,78330050
3307,79229796
3308,78245475
3309,78482918
3310,78700493
3311,78274382
3312,78361252
3313,77460986
3314,78391716
3315,78111234
3316,78403715
3317,79699008
3318,78122148
3319,79348446
3320,80082727
3321,78274575
3322,78005903
3323,94925965
3324,78319286
3325,78283240
3326,78191558
3327,78870690
3328,79884671
3329,81291541
3330,78407673
3331,79872026
3332,80492190
3333,81830482
3334,80342672
3335,78865707
3336,77776981
3337,78469899
3338,78807317
3339,78403344
3340,78636435
3341,79295322
3342,79837414
3343,79180299
3344,77293260
3345,77900442
3346,79593080
3347,79243400
3348,78780137
3349,78973364
3350,77196341
3351,79018361
3352,79814438
3353,77957393
3354,81605234
3355,78813136
3356,78400583
3357,80233424
3358,79351553
3359,80185482
3360,80830819
3361,79665102
3362,79364335
3363,79153201
3364,79911548
3365,79347255
3366,79187138
3367,81801497
3368,77178327
3369,78156997
3370,79730573
3371,80383349
3372,79715416
3373,80786583
3374,78355206
3375,78923801
3376,78053424
3377,77505067
3378,80073611
3379,78373277
3380,79954373
3381,78461618
3382,78870179
3383,79297411
3384,79813836
3385,80502778
3386,80344539
3387,79883555
3388,80432181
3389,79586220
3390,78728527
3391,79229961
3392,82344032
3393,77611604
3394,77347789
3395,78558510
3396,78779443
3397,77270955
3398,80252494
3399,81814920
3400,79605520
3401,78736270
3402,78114641
3403,77936057
3404,78557336
3405,77243634
3406,79944721
3407,79683929
3408,79500334
3409,78088198
3410,79889288
3411,79182325
3412,79071150
3413,77559075
3414,77632064
3415,77111528
3416,76867761
3417,78719503
3418,77770084
3419,77404874
3420,78384094
3421,76796648
3422,78101844
3423,78073713
3424,81983618
3425,78228271
3426,86924363
3427,78489019
3428,78754939
3429,77690310
3430,77974339
3431,78252507
3432,78254174
3433,78495583
3434,77545986
3435,79575839
3436,78017592
3437,78063432
3438,77534181
3439,76712163
3440,76582143
3441,78280977
3442,76986912
3443,78451029
3444,77848689
3445,78113955
3446,77289286
3447,77136748
3448,78568683
3449,79646570
3450,77176282
3451,77392289
3452,76923036
3453,76820351
3454,82635694
3455,83334747
3456,76843608
3457,77851181
3458,76664940
3459,79628389
3460,78757299
3461,77360820
3462,78846375
3463,78531847
3464,78055835
3465,78427618
3466,76313262
3467,78985984
3468,79334938
3469,78289638
3470,79178406
3471,78745464
3472,78859812
3473,79360546
3474,79387091
3475,78805422
3476,78543083
3477,76974847
3478,77960640
3479,76468690
3480,77412637
3481,77070658
3482,78248566
3483,77851861
3484,78413284
3485,80242320
3486,78262469
3487,77869225
3488,77735590
3489,79504464
3490,78651575
3491,77766396
3492,78883977
3493,80477751
3494,79833626
3495,78727193
3496,79728217
3497,77126785
3498,78240190
3499,78295164
3500,76009474
3501,76614587
3502,78243916
3503,77461436
3504,82244931
3505,82406267
3506,87676605
3507,82774435
3508,84668004
3509,82519697
3510,82645001
3511,82495206
3512,83951464
3513,77230013
3514,77803700
3515,79023873
3516,78355243
3517,78138924
3518,79163273
3519,79369546
3520,79025391
3521,78097333
3522,79202290
3523,78289473
3524,77870728
3525,76679654
3526,77551438
3527,77019735
3528,80160513
3529,97865713
3530,80140447
3531,82355455
3532,77293413
3533,77061392
3534,78368217
3535,78162787
3536,77362581
3537,77612960
3538,77609370
3539,78260159
3540,78315509
3541,76695176
3542,77278826
3543,78469210
3544,79290509
3545,82262820
3546,83325509
3547,76990268
3548,82883753
3549,78395722
3550,77357783
3551,78114809
3552,77336562
3553,78227478
3554,77929797
3555,77503914
3556,79157354
3557,77662002
3558,77707023
3559,77889901
3560,77360699
3561,77545235
3562,77610195
3563,77450409
3564,79792072
3565,79219393
3566,78497941
3567,78669492
3568,79192773
3569,78403449
3570,78373913
3571,76865770
3572,78243532
3573,78881106
3574,77761391
3575,78836494
3576,79007098
3577,78556509
3578,77890498
3579,77901057
3580,78699001
3581,78288429
3582,77593293
3583,78158608
3584,78966948
3585,81768417
3586,78411346
3587,79036897
3588,79037518
3589,78449499
3590,79330451
3591,79756143
3592,78116424
3593,77276785
3594,78422276
3595,78899618
3596,77677981
3597,77964193
3598,78828693
3599,77293173
3600,78239841
3601,77998001
3602,78654357
3603,78942774
3604,77688766
3605,78096120
3606,79937103
3607,78093380
3608,77958547
3609,79801442
3610,77422800
3611,78270619
3612,77730451
3613,79965238
3614,78044532
3615,79028682
3616,77658175
3617,78303730
3618,78233520
3619,78156888
3620,83639920
3621,78312241
3622,78123353
3623,78796579
3624,78486732
3625,79750034
3626,80377804
3627,82920440
3628,82457387
3629,83777921
3630,84217757
3631,89238915
3632,104831449
3633,90522208
3634,88676038
3635,87964843
3636,86571865
3637,86159997
3638,86052657
3639,85748469
3640,85315048
3641,85318075
3642,85788348
3643,86432921
3644,86691431
3645,85426112
3646,88292119
3647,87098517
3648,86626182
3649,91019667
3650,90405683
3651,89472956
3652,84623095
3653,85292278
3654,84810227
3655,83456708
3656,85553722
3657,84871939
3658,85774168
3659,85381651
3660,85178638
3661,87278743
3662,86427891
3663,87168997
3664,84953001
3665,87688946
3666,87972536
3667,85807557
3668,90444434
3669,84017247
3670,92039808
3671,89320021
3672,89173822
3673,89320946
3674,85402941
3675,83355067
3676,84688423
3677,83659088
3678,84593134
3679,87315591
3680,86864610
3681,85515482
3682,82988746
3683,84307781
3684,85502627
3685,84700423
3686,84041742
3687,84853721
3688,88384971
3689,83269877
3690,85302440
3691,84669513
3692,86246208
3693,87730896
3694,88099565
3695,85760051
3696,85880211
3697,86348738
3698,85596726
3699,83716009
3700,86086189
3701,84989106
3702,85966941
3703,85599500
3704,86842619
3705,86425079
3706,85079842
3707,86535608
3708,85043320
3709,84808235
3710,85174365
3711,84785634
3712,86668206
3713,85222587
3714,84499981
3715,84943578
3716,86625519
3717,85334465
3718,85255261
3719,85028095
3720,85228657
3721,84758973
3722,84596665
3723,84267482
3724,83306385
3725,83620968
3726,84842526
3727,85713523
3728,83917045
3729,100019260
3730,94147865
3731,88743789
3732,87243638
3733,85986188
3734,85438174
3735,93733279
3736,83764428
3737,84446299
3738,85080437
3739,89001161
3740,90007130
3741,83581530
3742,83825161
3743,83507558
3744,83546180
3745,83360004
3746,83976564
3747,85152897
3748,83982675
3749,84553105
3750,85099374
3751,84547771
3752,83018544
3753,84826553
3754,86479521
3755,84535325
3756,83892822
3757,82057117
3758,86541230
3759,83316362
3760,83665913
3761,83309850
3762,86783534
3763,84813393
3764,84553775
3765,90598788
3766,89042992
3767,88741231
3768,85280771
3769,84372200
3770,84642387
3771,85194920
3772,85138166
3773,84587321
3774,85178548
3775,86237556
3776,83992962
3777,84303697
3778,84575763
3779,88625853
3780,84014687
3781,83559478
3782,84758538
3783,84027377
3784,88178518
3785,85283826
3786,83923522
3787,84500129
3788,84665181
3789,85127123
3790,83891104
3791,82816043
3792,84340919
3793,82173303
3794,84835978
3795,89906484
3796,85020450
3797,84496913
3798,83295167
3799,83549930
3800,83670777
3801,83200206
3802,84320742
3803,83889372
3804,85047560
3805,84894102
3806,84756480
3807,83787281
3808,83950928
3809,84574494
3810,83587600
3811,84874268
3812,83061397
3813,80402552
3814,79569066
3815,77635490
3816,77620166
3817,77108481
3818,76453358
3819,81662003
3820,81475177
3821,84421212
3822,82303413
3823,83044960
3824,81944446
3825,80573412
3826,75736251
3827,95301483
3828,75641906
3829,77987260
3830,77039590
3831,76510639
3832,80850422
3833,80263935
3834,78910738
3835,78148269
3836,79645467
3837,79026418
3838,76787248
3839,76562194
3840,77438969
3841,77067033
3842,78351809
3843,77673546
3844,76960203
3845,77968435
3846,76384121
3847,78222067
3848,81701519
3849,81625596
3850,76857203
3851,76876087
3852,76605947
3853,76798998
3854,79689195
3855,87401031
3856,77694932
3857,76495618
3858,80963461
3859,76983606
3860,77113389
3861,78534444
3862,78676862
3863,77199577
3864,78056776
3865,76432181
3866,76583853
3867,76853169
3868,76921693
3869,77854348
3870,78027135
3871,76736035
3872,77116121
3873,75885197
3874,79932073
3875,78609955
3876,76773146
3877,76997328
3878,77802097
3879,75738191
3880,78327924
3881,78298969
3882,76314872
3883,79237539
3884,80380138
3885,77124422
3886,76883656
3887,78297031
3888,77974689
3889,76040189
3890,76530786
3891,76711148
3892,77072571
3893,78308406
3894,79730170
3895,77313135
3896,78464144
3897,80868426
3898,77428691
3899,78535133
3900,78060518
3901,78052883
3902,75362579
3903,78957743
3904,78612390
3905,75679903
3906,78137440
3907,76859061
3908,77231239
3909,82022872
3910,77515949
3911,75713039
3912,77215631
3913,76946078
3914,77100285
3915,77681142
3916,77296708
3917,77605712
3918,77842159
3919,79685190
3920,76602829
3921,76835573
3922,76034565
3923,76251492
3924,76599368
3925,77406714
3926,78958404
3927,76833563
3928,77748833
3929,77664759
3930,76571367
3931,78563382
3932,95192459
3933,75199958
3934,81964976
3935,77777738
3936,77736675
3937,76281933
3938,76928827
3939,77919001
3940,81236654
3941,77794226
3942,81208804
3943,75802134
3944,80170225
3945,76456770
3946,76269037
3947,76820927
3948,78383998
3949,78781133
3950,74982995
3951,75151527
3952,75618879
3953,76187005
3954,76510131
3955,76544977
3956,76333059
3957,76214079
3958,76845112
3959,76290253
3960,77435067
3961,80672086
3962,77788121
3963,79663956
3964,76889483
3965,77042054
3966,80950204
3967,81643093
3968,84645728
3969,82797047
3970,79123608
3971,78195873
3972,76638219
3973,75996823
3974,75746128
3975,81579394
3976,86479332
3977,77013658
3978,76009587
3979,77296970
3980,76174297
3981,75629317
3982,78644214
3983,76331707
3984,77167473
3985,77257335
3986,77602240
3987,74727721
3988,75572423
3989,78649071
3990,78048375
3991,76343529
3992,78351464
3993,77252847
3994,77088229
3995,78272987
3996,81172044
3997,75717667
3998,75366752
3999,81154346
4000,78293334
4001,75982507
4002,81723571
4003,79589621
4004,81395428
4005,76995092
4006,77072519
4007,76462417
4008,78207601
4009,75734149
4010,76678322
4011,80349654
4012,78110171
4013,78070522
4014,79840029
4015,78292906
4016,79337337
4017,79221613
4018,77113633
4019,76107427
4020,76431953
4021,84304698
4022,76153941
4023,77381838
4024,77177441
4025,77271560
4026,75518754
4027,77355722
4028,75860391
4029,77714843
4030,77879962
4031,97758083
4032,81167365
4033,82782335
4034,76769814
4035,77752756
4036,76362424
4037,78277718
4038,77632033
4039,77119048
4040,77913532
4041,77782152
4042,77412978
4043,77669365
4044,75328803
4045,77203254
4046,78340786
4047,76290892
4048,77345214
4049,75606060
4050,76360555
4051,81548540
4052,82383111
4053,76682005
4054,82405392
4055,80610635
4056,80774519
4057,75236161
4058,78117505
4059,77376224
4060,77177540
4061,78200955
4062,76373178
4063,79217907
4064,78430609
4065,76127819
4066,76333379
4067,77232179
4068,76238579
4069,77058795
4070,76781471
4071,77008568
4072,77448840
4073,77578685
4074,78971450
4075,80717399
4076,77186741
4077,78388785
4078,76254142
4079,75705602
4080,76717251
4081,75952951
4082,76771622
4083,80772120
4084,82062572
4085,81976707
4086,81565958
4087,81820597
4088,84311617
4089,76028823
4090,77736512
4091,77067635
4092,77325971
4093,78100244
4094,75951299
4095,77494769
4096,76944390
4097,76583179
4098,77002229
4099,78261826
4100,77163166
4101,81258579
4102,81126661
4103,81866414
4104,81064484
4105,74528148
4106,76179845
4107,76991013
4108,83866828
4109,76118188
4110,76373454
4111,77029528
4112,76059249
4113,75451444
4114,77780975
4115,77259732
4116,77248405
4117,77931448
4118,76228924
4119,78026300
4120,76673642
4121,76890244
4122,77932739
4123,76867294
4124,76327094
4125,77573297
4126,76577952
4127,77271195
4128,77058066
4129,79503814
4130,82378265
4131,81246632
4132,77825552
4133,77550132
4134,96758621
4135,80499719
4136,78058586
4137,76932492
4138,79290218
4139,79141058
4140,78786632
4141,79226921
4142,78905765
4143,79771286
4144,78298382
4145,79498919
4146,77494392
4147,76906380
4148,78946120
4149,78707028
4150,79872224
4151,78512331
4152,77885640
4153,77669833
4154,77315245
4155,77748505
4156,80474624
4157,78519150
4158,81664988
4159,78753105
4160,78508455
4161,79237138
4162,79531629
4163,79128840
4164,76851453
4165,78831253
4166,78219696
4167,79245980
4168,77413585
4169,78444195
4170,78991400
4171,78658453
4172,78655918
4173,79271117
4174,86897352
4175,79808028
4176,78982223
4177,79097523
4178,78897900
4179,80269002
4180,79828454
4181,78532314
4182,77553330
4183,78370658
4184,78070790
4185,77635908
4186,77657517
4187,78307004
4188,78190045
4189,77748448
4190,80750730
4191,79555549
4192,78060125
4193,79477490
4194,77208390
4195,77951044
4196,79393915
4197,76575969
4198,87397321
4199,76840072
4200,78912326
4201,79468538
4202,78646322
4203,79318551
4204,82897074
4205,83282027
4206,83124110
4207,83810645
4208,82579949
4209,77064274
4210,78615510
4211,79220098
4212,77697912
4213,80302387
4214,78765176
4215,78474125
4216,83222223
4217,83103045
4218,78340284
4219,80059026
4220,85750343
4221,78645734
4222,77990388
4223,78434802
4224,82838097
4225,78048402
4226,79034377
4227,77645255
4228,78541026
4229,79451668
4230,77747276
4231,78105345
4232,78075842
4233,79086854
4234,76647492
4235,100675063
4236,83999361
4237,79061862
4238,78834554
4239,78711025
4240,79649663
4241,80566546
4242,80643192
4243,77603371
4244,78751850
4245,78620028
4246,78199772
4247,81111123
4248,79521600
4249,77891212
4250,81766838
4251,78132788
4252,83423779
4253,83666307
4254,82882952
4255,78433910
4256,77514606
4257,76877979
4258,76835924
4259,77097200
4260,78543767
4261,77787239
4262,77163872
4263,78031522
4264,79127450
4265,79548303
4266,77699216
4267,77569186
4268,77680395
4269,77675072
4270,78540726
4271,77630137
4272,78262692
4273,81050974
4274,77504067
4275,78059625
4276,78247229
4277,77742696
4278,77425511
4279,77915756
4280,77781245
4281,77621013
4282,77449803
4283,77552931
4284,80276379
4285,77664312
4286,78522596
4287,76629995
4288,77557620
4289,77949693
4290,77739603
4291,78065461
4292,79212712
4293,79991692
4294,83284544
4295,78886683
4296,77457158
4297,84583020
4298,77791739
4299,79078951
4300,79154343
4301,77480777
4302,83340896
4303,77822402
4304,80167552
4305,78017432
4306,78511368
4307,76795380
4308,77679818
4309,78575182
4310,79913571
4311,80858433
4312,78878597
4313,83161476
4314,77621284
4315,78343198
4316,78532128
4317,77381587
4318,80920383
4319,80253506
4320,78899799
4321,79826261
4322,79790483
4323,79137029
4324,77307262
4325,79739799
4326,77706832
4327,79981944
4328,76543183
4329,76633020
4330,75858390
4331,77980207
4332,82835812
4333,77247611
4334,79296546
4335,77518339
4336,76931383
4337,78435409
4338,98547833
4339,82141968
4340,79760647
4341,80533525
4342,79563183
4343,78880998
4344,78530925
4345,78250954
4346,78639885
4347,79519658
4348,77117455
4349,78170425
4350,77067792
4351,78359605
4352,79211254
4353,78860795
4354,79630730
4355,78040480
4356,77637331
4357,77672023
4358,78608359
4359,76893117
4360,79821774
4361,80427405
4362,79171005
4363,78391877
4364,78078286
4365,79324381
4366,79448953
4367,78410584
4368,78564136
4369,79323475
4370,79344861
4371,78277259
4372,79009452
4373,80414409
4374,77825921
4375,79144008
4376,80679538
4377,78357699
4378,78958385
4379,79397264
4380,79153642
4381,82860111
4382,77254000
4383,78273384
4384,78254221
4385,78237552
4386,77648466
4387,78356916
4388,77734927
4389,84048672
4390,78751261
4391,78495602
4392,78339424
4393,78601286
4394,78178282
4395,77471966
4396,78663632
4397,78198890
4398,77013044
4399,77685050
4400,78573684
4401,80091813
4402,78257376
4403,79168106
4404,79615167
4405,79692019
4406,78552511
4407,79333684
4408,78379139
4409,79258061
4410,83042227
4411,79201605
4412,77550480
4413,77505570
4414,77704295
4415,78277656
4416,78775792
4417,79137107
4418,77371573
4419,77555594
4420,81943057
4421,76144850
4422,76782019
4423,77457061
4424,77789919
4425,76802900
4426,78728054
4427,77630285
4428,77834592
4429,76727368
4430,79347279
4431,80472713
4432,80897146
4433,81726851
4434,83495283
4435,89766437
4436,85629433
4437,83883053
4438,86302206
4439,85714197
4440,85133739
4441,107940814
4442,92069475
4443,90289128
4444,87471136
4445,86848541
4446,85571211
4447,86308488
4448,86613186
4449,85568129
4450,85531701
4451,86386722
4452,87333726
4453,86277003
4454,87192717
4455,85970837
4456,84791221
4457,86909041
4458,84931641
4459,85586088
4460,85091701
4461,84319388
4462,85739928
4463,87348916
4464,85500486
4465,86775678
4466,88456885
4467,86271073
4468,86718192
4469,86579920
4470,86759156
4471,86780950
4472,84827582
4473,84477818
4474,85761765
4475,84531404
4476,84743071
4477,85749928
4478,83666617
4479,84511114
4480,85142520
4481,86143408
4482,82150169
4483,83657658
4484,89625578
4485,89728842
4486,88525130
4487,84265084
4488,85022475
4489,84911028
4490,85793818
4491,85026161
4492,85409829
4493,85418465
4494,86152406
4495,83341703
4496,82935785
4497,83359849
4498,83825117
4499,83268715
4500,85742864
4501,86850871
4502,85023480
4503,85637703
4504,85360795
4505,86976075
4506,85657435
4507,86079288
4508,85655466
4509,86888442
4510,86095525
4511,89097740
4512,86151102
4513,84497482
4514,84501875
4515,85621773
4516,85491645
4517,86940683
4518,84950345
4519,84215800
4520,85052475
4521,85319306
4522,82544570
4523,84593477
4524,84534740
4525,84336958
4526,85679967
4527,85865336
4528,84681530
4529,87258941
4530,83891122
4531,84598954
4532,86352717
4533,83753502
4534,83462365
4535,85307203
4536,87252682
4537,86373763
4538,84714701
4539,86047877
4540,86238313
4541,85286337
4542,86097728
4543,87210252
4544,107705046
4545,90973038
4546,90019994
4547,86102634
4548,87487083
4549,81001774
4550,83932190
4551,83409263
4552,83810118
4553,84450972
4554,84077542
4555,83249640
4556,83680371
4557,83754467
4558,87743913
4559,84885134
4560,84181427
4561,84054372
4562,83673571
4563,84595916
4564,84349491
4565,85106793
4566,84320077
4567,85519947
4568,85968088
4569,84514203
4570,84390470
4571,85851488
4572,84665870
4573,89923222
4574,83222493
4575,84604615
4576,84483087
4577,83232382
4578,82798809
4579,84655671
4580,85790346
4581,86650263
4582,85763198
4583,84985512
4584,83710848
4585,86124006
4586,84279866
4587,84555818
4588,83736431
4589,84550437
4590,83629471
4591,83640735
4592,83093440
4593,84649827
4594,83365350
4595,83441562
4596,84576229
4597,84003435
4598,83511213
4599,85662501
4600,86148565
4601,84585188
4602,88221307
4603,85622306
4604,86393676
4605,84894851
4606,85340232
4607,85714366
4608,84179133
4609,84315208
4610,86147600
4611,84000812
4612,83530418
4613,83900676
4614,84300655
4615,84173798
4616,84669266
4617,83971698
4618,84359939
4619,88474139
4620,83357725
4621,84345529
4622,88591805
4623,87979641
4624,88273476
4625,87997826
4626,88525924
4627,86094132
4628,84268809
4629,91196943
4630,90440832
4631,88270634
4632,88741185
4633,86711169
4634,89325043
4635,83843356
4636,87523668
4637,89705599
4638,89736366
4639,84912892
4640,84389110
4641,88144674
4642,90618064
4643,90345882
4644,87105780
4645,109169912
4646,90387427
4647,88150624
4648,88206078
4649,87316727
4650,85031652
4651,85387307
4652,85305631
4653,85559237
4654,84258014
4655,83522258
4656,84683409
4657,83870495
4658,84314756
4659,85253878
4660,85119979
4661,84720781
4662,85793477
4663,82908369
4664,82530739
4665,82935775
4666,84598592
4667,85359466
4668,84422703
4669,84659472
4670,85053121
4671,85192212
4672,83956828
4673,82951632
4674,83479595
4675,87809278
4676,84232687
4677,85448578
4678,84274443
4679,83346067
4680,84118833
4681,83685198
4682,84082319
4683,84241215
4684,89850243
4685,89380872
4686,84620091
4687,83766679
4688,83050157
4689,88528314
4690,85679650
4691,84947230
4692,81839630
4693,81346209
4694,82376867
4695,79429547
4696,78398577
4697,77094352
4698,77440644
4699,79042831
4700,76744336
4701,76543802
4702,81694097
4703,79804450
4704,82573951
4705,76838530
4706,77783404
4707,76692415
4708,76682235
4709,76907251
4710,76867907
4711,76806059
4712,76651839
4713,77008389
4714,77687135
4715,77134413
4716,77229427
4717,77771821
4718,77031125
4719,77615744
4720,77149264
4721,77933492
4722,75709020
4723,77986564
4724,78488130
4725,76782327
4726,77338832
4727,77307041
4728,76957779
4729,77557941
4730,77762672
4731,76896533
4732,76911056
4733,76900347
4734,77815517
4735,78038811
4736,76080373
4737,77609514
4738,76820173
4739,76569622
4740,78028086
4741,77592964
4742,78511769
4743,78200459
4744,78102764
4745,79171834
4746,81262322
4747,97786632
4748,77689780
4749,77300181
4750,78580308
4751,76899629
4752,78657122
4753,77853829
4754,77945099
4755,80881957
4756,76301612
4757,77275631
4758,77069941
4759,79203256
4760,77090931
4761,77091710
4762,75738880
4763,76757288
4764,76900136
4765,78012934
4766,77402636
4767,76192770
4768,77777326
4769,78017763
4770,77862815
4771,76982178
4772,75985134
4773,76698536
4774,76945212
4775,76200097
4776,77874560
4777,76199997
4778,75377974
4779,78873682
4780,76653106
4781,76767001
4782,76017383
4783,76074202
4784,75932915
4785,77007318
4786,75505022
4787,76657848
4788,77117067
4789,76536652
4790,76116597
4791,75456271
4792,77811842
4793,77166246
4794,79510615
4795,76160492
4796,78668725
4797,76679035
4798,76030781
4799,77431821
4800,76234187
4801,78091614
4802,77863703
4803,80614646
4804,78618165
4805,78411530
4806,79347973
4807,76942223
4808,81973029
4809,82849975
4810,80108030
4811,79159975
4812,77132653
4813,79959785
4814,77537568
4815,76592195
4816,77743962
4817,80512569
4818,78309642
4819,79916656
4820,76715270
4821,77843464
4822,78953547
4823,79644010
4824,77416566
4825,78673858
4826,77158478
4827,79056937
4828,76615328
4829,76597355
4830,78244654
4831,82535272
4832,77770242
4833,77624258
4834,76956687
4835,77971889
4836,77037721
4837,76627182
4838,78961685
4839,77088451
4840,77313911
4841,76683788
4842,76774188
4843,78975695
4844,77994817
4845,78561647
4846,78618690
4847,77257330
4848,76714422
4849,77554249
4850,95945921
4851,77791526
4852,77104331
4853,77591272
4854,77940414
4855,78471735
4856,78025470
4857,77860333
4858,77174131
4859,79745252
4860,76469251
4861,76657925
4862,77348293
4863,77452037
4864,78966296
4865,78141087
4866,77467025
4867,76936023
4868,76738496
4869,76829058
4870,82626126
4871,76764792
4872,84255524
4873,84768510
4874,77238891
4875,78081606
4876,80429875
4877,79688053
4878,79495630
4879,77786806
4880,78197779
4881,79263647
4882,77583353
4883,77726656
4884,77967637
4885,78529898
4886,79400406
4887,78126460
4888,79074306
4889,78111577
4890,77342569
4891,77386517
4892,75817005
4893,78063436
4894,78615234
4895,76266507
4896,79561055
4897,77355327
4898,79247816
4899,78261419
4900,77831236
4901,79321669
4902,78746961
4903,78342726
4904,79189167
4905,77632548
4906,76696492
4907,77098758
4908,78758541
4909,77415532
4910,78008337
4911,76352671
4912,77988700
4913,77269508
4914,77470093
4915,76735534
4916,76519938
4917,76280694
4918,78612533
4919,76495641
4920,77170866
4921,76182780
4922,76240058
4923,79404678
4924,76193320
4925,75312596
4926,78985593
4927,78437387
4928,77082086
4929,83101473
4930,82928388
4931,77681074
4932,77436753
4933,78215881
4934,79880072
4935,78106971
4936,77550896
4937,81264989
4938,77687391
4939,78551621
4940,76107882
4941,77734633
4942,77734098
4943,76609860
4944,76413808
4945,75694829
4946,77126696
4947,76431615
4948,77443134
4949,76969537
4950,80090373
4951,76973786
4952,79565463
4953,95241530
4954,76486790
4955,77926823
4956,76606128
4957,77144051
4958,77925625
4959,76616958
4960,76705496
4961,77197192
4962,76617896
4963,76542948
4964,75691834
4965,77764108
4966,75348354
4967,76558679
4968,77482077
4969,77065316
4970,77002294
4971,77855504
4972,77807979
4973,77614055
4974,80395850
4975,76829842
4976,76271165
4977,76220995
4978,76149646
4979,76647846
4980,75605752
4981,78455054
4982,75928540
4983,77695913
4984,76867912
4985,76163796
4986,76702244
4987,78457979
4988,77089115
4989,76745030
4990,77711133
4991,76386125
4992,76084343
4993,76981844
4994,76771202
4995,81791827
4996,81052112
4997,77011887
4998,76890283
4999,75661508
