0,4860820
1,4731701
2,4081919
3,4061347
4,4403506
5,4534710
6,4533808
7,3735576
8,3530862
9,3502014
10,3454240
11,3847903
12,3196646
13,3291719
14,3211268
15,3486363
16,3721785
17,3260775
18,3058097
19,3044026
20,3399323
21,3710215
22,3235053
23,3264820
24,3228930
25,3496867
26,3688534
27,3280503
28,3143820
29,3094994
30,3407900
31,4869722
32,4826137
33,4078707
34,3335657
35,3377514
36,3342652
37,3370716
38,3244574
39,3110812
40,3323551
41,3308531
42,3092860
43,3350302
44,3167523
45,3289677
46,3325839
47,3509082
48,3691512
49,3452818
50,3993490
51,3669493
52,3444845
53,3447459
54,4706412
55,4826422
56,4224622
57,3762886
58,4218603
59,3649889
60,3266727
61,3390122
62,3401094
63,3530148
64,3516487
65,3478053
66,3422295
67,3734154
68,3556245
69,3757044
70,3471894
71,3259571
72,3429344
73,3328937
74,3072479
75,3133159
76,3690240
77,3492752
78,3832436
79,3359522
80,3155407
81,3207942
82,3440512
83,3353598
84,3059707
85,3088441
86,3164084
87,3196473
88,3228206
89,3236506
90,3028544
91,3271006
92,3092079
93,3325903
94,3128135
95,3017843
96,3221794
97,3021160
98,3351628
99,3117864
100,3063052
101,3137043
102,3164081
103,3332367
104,3385505
105,3232399
106,3126705
107,3117534
108,3211608
109,3257720
110,3045232
111,3142950
112,3141390
113,3261125
114,3383156
115,3226600
116,3226114
117,3496942
118,3249710
119,3359441
120,3104672
121,3012143
122,3114411
123,3063304
124,3341628
125,3244743
126,3060293
127,3148097
128,3127493
129,3298110
130,3295604
131,3072471
132,3132939
133,3077852
134,3130173
135,3355180
136,3084068
137,3033275
138,3182965
139,3102519
140,3391357
141,3229587
142,3140245
143,3014178
144,3145585
145,3422843
146,3604648
147,3889183
148,3431546
149,3431279
150,3584951
151,3216076
152,3067304
153,3235488
154,3272302
155,3315243
156,3139803
157,3034362
158,3160481
159,3162510
160,3408180
161,3146209
162,3016923
163,3050914
164,3156967
165,3464647
166,3247969
167,3231033
168,3071151
169,3268008
170,3288412
171,3383732
172,3044181
173,3129284
174,3077195
175,3268557
176,3425819
177,3112422
178,3212248
179,3042767
180,3328905
181,3365677
182,3153275
183,3011011
184,3172831
185,3267976
186,3446546
187,3202733
188,3023179
189,3188536
190,3243359
191,3497082
192,3136913
193,3031632
194,3139879
195,3274801
196,3309561
197,3202392
198,3223413
199,3097768
200,3256610
201,3421517
202,3473998
203,3336668
204,3996594
205,4226589
206,3468991
207,3260697
208,3038740
209,3145698
210,3462344
211,3457376
212,3304664
213,2998756
214,3110575
215,3155042
216,3414575
217,3153240
218,3012115
219,3166786
220,3247165
221,3454774
222,3178797
223,3109603
224,3113061
225,3219321
226,3288479
227,3454094
228,3191510
229,3136302
230,3377659
231,3422502
232,3339707
233,3089899
234,3151680
235,3275079
236,3972757
237,3503143
238,3189745
239,3043940
240,3240538
241,3191383
242,3373932
243,3092284
244,3030435
245,3193602
246,3252995
247,3325578
248,3108120
249,3067471
250,3151723
251,3550108
252,3463087
253,3354338
254,3052095
255,3166137
256,3318710
257,3461098
258,3112415
259,3117619
260,3059785
261,3368929
262,3328962
263,3301693
264,3257825
265,3071253
266,3452265
267,3400580
268,3241115
269,3780072
270,3089393
271,3354248
272,3390723
273,3177463
274,3103738
275,3039187
276,3359659
277,3251778
278,3326294
279,3069383
280,3134220
281,3344953
282,3244459
283,3351596
284,3057596
285,3022831
286,3119492
287,3533896
288,3321017
289,3349072
290,3108934
291,3086780
292,3356798
293,3886383
294,3759735
295,3464798
296,3520376
297,3686397
298,3460349
299,3390974
300,3371599
301,3520101
302,3659489
303,3452231
304,3270870
305,3233529
306,3430090
307,3677570
308,3274247
309,3161584
310,3174316
311,3560697
312,3478076
313,3082648
314,3049061
315,3124320
316,3312785
317,3359185
318,3309862
319,3035310
320,3105473
321,3212736
322,3307252
323,3192865
324,3055316
325,3028293
326,3267907
327,3402850
328,3288916
329,3089943
330,3229357
331,3445033
332,3372976
333,3433119
334,3106389
335,3071203
336,3129698
337,3324947
338,3362284
339,3163754
340,3428473
341,3285123
342,3339731
343,3329468
344,3189254
345,3018101
346,3186898
347,3201416
348,3433674
349,3171219
350,3239107
351,3108094
352,3260380
353,3338047
354,3255573
355,3092570
356,3039824
357,3254890
358,3293582
359,3309909
360,3058920
361,3150314
362,3057682
363,3328941
364,3300334
365,3127148
366,3158818
367,3082589
368,3213112
369,3378913
370,3133936
371,3009947
372,3210093
373,3181639
374,3414266
375,3179630
376,3090524
377,3041366
378,3209775
379,3416993
380,3323548
381,3063109
382,3028853
383,3094825
384,3355279
385,3378100
386,3076274
387,3027378
388,3091447
389,3206369
390,3365800
391,3096031
392,3035129
393,3112770
394,3274220
395,3300437
396,3113583
397,3061235
398,3147005
399,3145984
400,3329199
401,3249932
402,3034567
403,3112716
404,3162671
405,3291596
406,3488812
407,3165769
408,3148931
409,3113580
410,3145223
411,3679007
412,3171780
413,3232773
414,3269509
415,3144955
416,3524923
417,3163163
418,3095086
419,3077135
420,3194718
421,3619493
422,3188966
423,3066604
424,3077550
425,3362234
426,3641863
427,3436357
428,3179799
429,3199105
430,3056776
431,3627010
432,3154266
433,3063578
434,3149219
435,3063163
436,3556519
437,3318203
438,3061610
439,3162338
440,3052539
441,3336733
442,3434353
443,3114106
444,3062233
445,3028491
446,3179725
447,3422788
448,3118180
449,3036313
450,3005733
451,3075665
452,3516325
453,3109551
454,3133004
455,3469782
456,3265908
457,3647186
458,3281824
459,3286161
460,3104240
461,3171554
462,3425622
463,3189648
464,3089125
465,3206223
466,3093092
467,3346199
468,3435865
469,3076215
470,3176219
471,3119200
472,3229407
473,3218142
474,3221493
475,3150295
476,3042169
477,3179967
478,3367348
479,3205644
480,3089817
481,3098482
482,3070997
483,3373157
484,3262140
485,3071422
486,3186059
487,3097677
488,3322898
489,3152684
490,3261227
491,3134247
492,3168859
493,3243467
494,3168573
495,3086781
496,3161655
497,3075504
498,3227687
499,3279132
500,3054753
501,3140750
502,3213793
503,3238686
504,3366690
505,3170021
506,3050546
507,3233809
508,3079143
509,3345947
510,3102851
511,3044253
512,3188262
513,3063933
514,3345359
515,3151974
516,3078586
517,3160732
518,3059377
519,3204842
520,3334983
521,3230483
522,3152915
523,3113277
524,3116547
525,3464860
526,3111774
527,3094014
528,3150929
529,3128779
530,3321146
531,3164839
532,3067527
533,3174575
534,3173999
535,3281554
536,3336111
537,3092838
538,3112576
539,3044289
540,3201871
541,3222545
542,3065858
543,3157880
544,3057326
545,3114897
546,3276121
547,3188177
548,3024440
549,3044214
550,3040590
551,3359077
552,3101877
553,3034802
554,3235309
555,3018413
556,3221119
557,3183417
558,3070152
559,3110200
560,3125191
561,3157705
562,3338229
563,3122892
564,3020659
565,3128486
566,3101080
567,3250051
568,3202847
569,3111032
570,3167922
571,3123698
572,3295172
573,3134884
574,3144431
575,3260655
576,3352082
577,3292002
578,3321519
579,3043568
580,3556657
581,3782642
582,3453363
583,3248584
584,3051659
585,3035821
586,3127345
587,3191053
588,3413103
589,3116915
590,3132671
591,3108626
592,3094668
593,3360101
594,3090641
595,3031602
596,3155577
597,3151779
598,3341895
599,3211886
600,3206942
601,3119543
602,3275335
603,3228978
604,3236531
605,3036695
606,3092911
607,3046342
608,3175139
609,3260751
610,3064553
611,3048308
612,3321531
613,3436430
614,3402628
615,3347761
616,3342290
617,3264215
618,3308722
619,3413917
620,3362677
621,3321537
622,3169425
623,3364253
624,3233995
625,3188560
626,3129191
627,2990583
628,3093118
629,3373531
630,3198828
631,3021516
632,3053903
633,3014595
634,3191063
635,3376384
636,3071537
637,3032297
638,3010291
639,3215015
640,3252013
641,3149678
642,3126317
643,2995056
644,3067148
645,3315087
646,3082703
647,2988564
648,3139393
649,3059867
650,3242153
651,3106742
652,3102071
653,3312237
654,3339607
655,3208523
656,3212950
657,3085008
658,3043196
659,3043931
660,3112554
661,3290040
662,3150127
663,3202780
664,3254888
665,3280465
666,3357567
667,3074289
668,3027748
669,3104927
670,3092043
671,3239024
672,3165793
673,3013007
674,3138109
675,3022431
676,3066681
677,3321048
678,3074231
679,3016796
680,3121908
681,3047302
682,3323799
683,3181880
684,3001373
685,3024449
686,3060493
687,3226907
688,3255362
689,3031076
690,3116953
691,3029996
692,3210594
693,3280492
694,3090043
695,3020336
696,3161847
697,3110171
698,3342243
699,3144189
700,3024078
701,3215286
702,3116396
703,3438955
704,3225048
705,3200270
706,3086015
707,3149355
708,3514938
709,3282854
710,3171538
711,3071672
712,3204413
713,3330506
714,3355034
715,3121719
716,3233159
717,3070567
718,3123660
719,3335908
720,3175466
721,3046589
722,3117464
723,3127869
724,3353434
725,3314015
726,3029034
727,3130670
728,3084727
729,3312375
730,3156117
731,3042167
732,3141400
733,3053359
734,3222437
735,3188485
736,3049627
737,3103905
738,3018066
739,3128878
740,3374122
741,3124677
742,3009285
743,3149384
744,3089732
745,3646648
746,3450590
747,3360295
748,3263666
749,4011868
750,3611344
751,3414875
752,3384452
753,3391057
754,3510393
755,3581592
756,3416403
757,3297326
758,3200336
759,3456467
760,3341194
761,3211712
762,3139000
763,3138376
764,3449674
765,3439545
766,3400532
767,3361720
768,3135341
769,3313400
770,3715057
771,3320464
772,3251711
773,3295700
774,3604471
775,3254887
776,3368995
777,3153456
778,3129525
779,3631803
780,3373524
781,3077933
782,3126301
783,3032241
784,3490986
785,3505453
786,3364473
787,3365434
788,3090634
789,3547693
790,3433160
791,3149750
792,3144298
793,2996806
794,3360992
795,3470095
796,3091125
797,3210906
798,3004291
799,3222545
800,3495944
801,3229162
802,3030201
803,3131118
804,3113519
805,3281424
806,3157838
807,3022529
808,3132466
809,3054895
810,3232961
811,3198504
812,3040301
813,3136011
814,3014299
815,3463658
816,3408454
817,3127843
818,3031974
819,3031193
820,3144033
821,3305535
822,3108945
823,3016621
824,3123739
825,3068461
826,3288412
827,3156251
828,3043762
829,3121087
830,2990597
831,3125352
832,3259939
833,3078747
834,3043573
835,3123569
836,3045283
837,3239514
838,3117685
839,3035744
840,3106468
841,3196837
842,3305749
843,3096829
844,3023518
845,3128552
846,3003327
847,3137291
848,3268309
849,3099673
850,3074739
851,3026245
852,3060656
853,3251396
854,3090196
855,3017800
856,3110780
857,3006472
858,3210304
859,3151443
860,3031578
861,3130671
862,2996450
863,3067428
864,3294169
865,3047904
866,3001230
867,3117522
868,3028971
869,3348818
870,3113225
871,3014972
872,3150605
873,3043367
874,3178685
875,3206715
876,3074401
877,3129847
878,3009354
879,3060908
880,3309967
881,3066114
882,2988022
883,3123259
884,3045346
885,3215578
886,3123116
887,3021520
888,3142422
889,3107628
890,3285628
891,3199460
892,3091216
893,3132517
894,3048034
895,4043486
896,3226999
897,3055300
898,3137924
899,3048005
900,3096507
901,3234096
902,3128897
903,3028242
904,3081332
905,3065284
906,3312466
907,3135439
908,3033254
909,3135692
910,3018453
911,3173672
912,3242765
913,3060600
914,3074502
915,3016407
916,3081265
917,3227921
918,3132743
919,3019058
920,3014797
921,3028965
922,3266345
923,3192946
924,3072075
925,3144759
926,3009829
927,3235812
928,3204213
929,3074506
930,3061192
931,3001723
932,3112138
933,3243892
934,3113048
935,3052348
936,3020799
937,3029362
938,3323798
939,3153434
940,3047094
941,3140145
942,3014621
943,3200352
944,3203058
945,3077244
946,3012512
947,3117894
948,3098218
949,3259979
950,3115020
951,3016818
952,3131375
953,3036243
954,3275604
955,3141692
956,3047809
957,3148943
958,3014678
959,3168208
960,3185748
961,3061255
962,3025198
963,3116720
964,3038309
965,3250219
966,3162945
967,3097733
968,3432993
969,3334073
970,3364164
971,3220044
972,3066023
973,3131678
974,3017557
975,3238545
976,3164124
977,3038901
978,3080431
979,3164662
980,3214686
981,3291294
982,3081366
983,3036838
984,3012223
985,3142986
986,3272712
987,3126571
988,3050159
989,3127778
990,3044212
991,3266261
992,3144863
993,3052210
994,3137125
995,3021708
996,3110308
997,3265035
998,3077764
999,3039692
1000,3029749
1001,3030679
1002,3290625
1003,3185631
1004,3040239
1005,3046241
1006,3070706
1007,3222797
1008,3226701
1009,3043520
1010,3140135
1011,3000822
1012,3119062
1013,3303143
1014,3071610
1015,3153512
1016,3032322
1017,3040370
1018,3261556
1019,3130435
1020,3047609
1021,3163773
1022,3041902
1023,3315130
1024,3175429
1025,3053842
1026,3145174
1027,3029021
1028,3175174
1029,3223547
1030,3074467
1031,3146171
1032,3021351
1033,3115330
1034,3288486
1035,3109570
1036,3031934
1037,3151354
1038,3026261
1039,3236007
1040,3165841
1041,3075804
1042,3134674
1043,3093066
1044,3159604
1045,3200679
1046,3076706
1047,3151427
1048,3030169
1049,3070306
1050,3341328
1051,3145587
1052,3012593
1053,3130573
1054,3005438
1055,3308312
1056,3127924
1057,3026972
1058,3028498
1059,3017990
1060,3173180
1061,3228999
1062,3063850
1063,3132512
1064,3051259
1065,3052198
1066,3260076
1067,3230084
1068,3108429
1069,3326372
1070,3465307
1071,3393934
1072,3350496
1073,3210736
1074,3254100
1075,3131472
1076,3284863
1077,3290680
1078,3171573
1079,3058242
1080,3076560
1081,3193638
1082,3178065
1083,3045730
1084,3097544
1085,3042978
1086,3060915
1087,3348676
1088,3109554
1089,3019419
1090,3024661
1091,3027006
1092,3226712
1093,3168622
1094,3013338
1095,3119994
1096,3006407
1097,3251374
1098,3170687
1099,3035869
1100,3011411
1101,3012757
1102,3033171
1103,3214292
1104,3124291
1105,3067988
1106,3191648
1107,3023325
1108,3240070
1109,3086387
1110,3040814
1111,3134618
1112,2993801
1113,3136072
1114,3282201
1115,3180406
1116,3148602
1117,3019010
1118,3067318
1119,3244242
1120,3131223
1121,3018927
1122,3132441
1123,3018408
1124,3223361
1125,3104987
1126,3037462
1127,3134340
1128,3002402
1129,3134402
1130,3266743
1131,3110474
1132,3027826
1133,3154288
1134,3064749
1135,3296188
1136,3175312
1137,3038224
1138,3036647
1139,3056169
1140,3292885
1141,3227741
1142,3141321
1143,3039802
1144,3079976
1145,3224962
1146,3253854
1147,3085306
1148,3153709
1149,3005723
1150,3068203
1151,3271475
1152,3133769
1153,3025086
1154,3143120
1155,3021758
1156,3217026
1157,3117231
1158,3039270
1159,3135125
1160,3019726
1161,3146503
1162,3156749
1163,3089655
1164,3002164
1165,3119270
1166,3080624
1167,3304652
1168,3139480
1169,3012077
1170,3267077
1171,3276135
1172,3296358
1173,3127581
1174,3019881
1175,3116336
1176,3018297
1177,3352226
1178,3156551
1179,3050365
1180,3101468
1181,2998372
1182,3052237
1183,3275550
1184,3075121
1185,3011659
1186,3116949
1187,3023775
1188,3294635
1189,3358049
1190,3026777
1191,3119522
1192,2980929
1193,3624486
1194,3216248
1195,3007371
1196,3121340
1197,3001686
1198,3054007
1199,3256450
1200,3115179
1201,3011947
1202,3110698
1203,3033188
1204,3223389
1205,3115810
1206,3030085
1207,3227351
1208,3095464
1209,3175365
1210,3192170
1211,3029086
1212,3116337
1213,2999679
1214,3116875
1215,3908098
1216,3055680
1217,2993423
1218,3117147
1219,3019858
1220,3220187
1221,3087296
1222,3020326
1223,3124580
1224,2988110
1225,3222703
1226,3188848
1227,3034028
1228,3117739
1229,2991903
1230,3102109
1231,3219744
1232,3022446
1233,3134151
1234,3037711
1235,3015502
1236,3217214
1237,3107918
1238,3032779
1239,3128645
1240,2995657
1241,3181692
1242,3190494
1243,3024159
1244,3135263
1245,2987902
1246,3052918
1247,3201609
1248,3088898
1249,3011221
1250,3111973
1251,3029008
1252,3235969
1253,3095419
1254,3010197
1255,3124430
1256,2982683
1257,3186175
1258,3184690
1259,3067715
1260,2997681
1261,3102787
1262,3020155
1263,3291985
1264,3116696
1265,3003206
1266,3103121
1267,2993683
1268,3185456
1269,3147793
1270,3028594
1271,3111796
1272,2991751
1273,3037248
1274,3269394
1275,3043738
1276,2996659
1277,3112804
1278,2994071
1279,3231238
1280,3120621
1281,3016181
1282,3123462
1283,2990647
1284,3136999
1285,3261228
1286,3060010
1287,3044645
1288,3224277
1289,3314182
1290,3264726
1291,3075395
1292,3007352
1293,3022137
1294,3027998
1295,3219481
1296,3255706
1297,3098409
1298,3172057
1299,3006547
1300,3224167
1301,3195599
1302,3048963
1303,3113037
1304,2998425
1305,3078102
1306,3277293
1307,3048651
1308,2993739
1309,3131670
1310,3035933
1311,3246430
1312,3138998
1313,3033774
1314,3018596
1315,3001571
1316,3193633
1317,3243220
1318,3055246
1319,3148632
1320,2997671
1321,3043956
1322,3209503
1323,3110590
1324,3004009
1325,3116916
1326,3018167
1327,3242572
1328,3151918
1329,3027136
1330,3132866
1331,2992806
1332,3094405
1333,3270784
1334,3071196
1335,3030046
1336,3126696
1337,3032817
1338,3252337
1339,3108907
1340,3017486
1341,3111398
1342,3014787
1343,3175520
1344,3157335
1345,3028683
1346,3122359
1347,2999810
1348,3106273
1349,3298096
1350,3121320
1351,3224394
1352,3029539
1353,3035788
1354,3274854
1355,3197418
1356,3073315
1357,3212757
1358,3072459
1359,3313367
1360,3130714
1361,3083137
1362,3176209
1363,3199648
1364,3376767
1365,3222105
1366,3046116
1367,3117607
1368,3015908
1369,3136448
1370,3276155
1371,3089413
1372,2995805
1373,3118163
1374,3028372
1375,3244699
1376,3117367
1377,3017510
1378,3045584
1379,3000855
1380,3428213
1381,3247057
1382,3052304
1383,3142256
1384,3009235
1385,3085548
1386,3218130
1387,3219167
1388,3041231
1389,3146322
1390,3045155
1391,3288118
1392,3208921
1393,3040984
1394,3169755
1395,3060287
1396,3233342
1397,3282080
1398,3029287
1399,3110283
1400,3004455
1401,3090821
1402,3335372
1403,3160560
1404,3038344
1405,3150021
1406,3038131
1407,3279774
1408,3173977
1409,3039865
1410,3014457
1411,3035830
1412,3267186
1413,3240289
1414,3048985
1415,3136304
1416,3001032
1417,3114833
1418,3292307
1419,3078730
1420,3020195
1421,3112983
1422,3025129
1423,3244925
1424,3104211
1425,3027020
1426,3065309
1427,3062242
1428,3250254
1429,3199871
1430,3041713
1431,3142575
1432,2989558
1433,3172726
1434,3271432
1435,3228151
1436,3052811
1437,3155575
1438,3057515
1439,3307643
1440,3196212
1441,3041702
1442,3153047
1443,3014158
1444,3268367
1445,3171558
1446,3067188
1447,3141462
1448,3029466
1449,3189747
1450,3250781
1451,3119742
1452,3040109
1453,3160776
1454,3063779
1455,3292662
1456,3190613
1457,3061749
1458,3136415
1459,3059921
1460,3306072
1461,3235022
1462,3046148
1463,3100998
1464,3029441
1465,3173241
1466,3343442
1467,3080401
1468,3035118
1469,3161716
1470,3085200
1471,3319688
1472,3135632
1473,3047365
1474,3127672
1475,3045891
1476,3280862
1477,3250958
1478,3037327
1479,3173323
1480,3027983
1481,3260858
1482,3196099
1483,3079946
1484,3148953
1485,3034501
1486,3226312
1487,3295834
1488,3122610
1489,3179455
1490,3057396
1491,3060555
1492,3339877
1493,3226400
1494,3042132
1495,3172571
1496,3046195
1497,3277889
1498,3241749
1499,3056954
1500,3142182
1501,3013956
1502,3205570
1503,3276884
1504,3105972
1505,3223567
1506,3074395
1507,3157237
1508,3348613
1509,3125418
1510,3047786
1511,3151077
1512,3037755
1513,3314161
1514,3337506
1515,3049633
1516,3155538
1517,3031032
1518,3302277
1519,3202217
1520,3127643
1521,3247202
1522,3006603
1523,3180880
1524,3253761
1525,3084699
1526,3142572
1527,3105024
1528,3160326
1529,3236685
1530,3190469
1531,3065572
1532,3168975
1533,3103960
1534,3354290
1535,3702200
1536,3391835
1537,3241196
1538,3063818
1539,3293511
1540,3175701
1541,3054248
1542,3157823
1543,3172597
1544,3327576
1545,3200962
1546,3081075
1547,3039287
1548,3034737
1549,3192392
1550,3309929
1551,3101275
1552,3177511
1553,3060317
1554,3318910
1555,3391770
1556,3102431
1557,3048887
1558,3044183
1559,3070798
1560,3293161
1561,3191877
1562,3074372
1563,3150418
1564,3039849
1565,3193787
1566,3200649
1567,3090166
1568,3163611
1569,3044256
1570,3086115
1571,3311182
1572,3109430
1573,3009126
1574,3133690
1575,3032310
1576,3244946
1577,3161141
1578,3023060
1579,3137437
1580,2997746
1581,3211358
1582,3173787
1583,3087018
1584,3166818
1585,3010376
1586,3057891
1587,3219438
1588,3078915
1589,3013016
1590,3012671
1591,3056716
1592,3207975
1593,3105390
1594,3023501
1595,3139525
1596,3013663
1597,3160975
1598,3207910
1599,3112382
1600,3154981
1601,3022370
1602,3152280
1603,3510491
1604,3367558
1605,3018173
1606,3173786
1607,3319414
1608,3310787
1609,3110858
1610,2998431
1611,3002366
1612,3042183
1613,3318279
1614,3244921
1615,3152129
1616,3095522
1617,3084850
1618,3198618
1619,3326345
1620,3162817
1621,3128216
1622,2999537
1623,3084255
1624,3263303
1625,3142845
1626,3022903
1627,3025684
1628,3054168
1629,3318869
1630,3216939
1631,3040663
1632,3129202
1633,3003114
1634,3232505
1635,3218341
1636,3129272
1637,3038106
1638,3012456
1639,3073900
1640,3377955
1641,3126230
1642,3024548
1643,3146238
1644,3060866
1645,3395916
1646,3309518
1647,3065478
1648,3150743
1649,3038591
1650,3305856
1651,3138559
1652,3038224
1653,3130569
1654,3020883
1655,3104698
1656,3275260
1657,3074447
1658,3132532
1659,3014029
1660,3033306
1661,3318974
1662,3223882
1663,3026362
1664,3130806
1665,3030898
1666,3271736
1667,3182352
1668,3023036
1669,3040121
1670,3017717
1671,3121669
1672,3308800
1673,3114488
1674,3137575
1675,3015272
1676,3054992
1677,3326905
1678,3237154
1679,3027746
1680,3154529
1681,3071877
1682,3284460
1683,3269781
1684,3045804
1685,3117889
1686,3010947
1687,3187497
1688,3297292
1689,3078341
1690,3159555
1691,3011456
1692,3080728
1693,3340516
1694,3089649
1695,3029135
1696,3139699
1697,3046342
1698,3293947
1699,3175731
1700,3026650
1701,3141414
1702,3009473
1703,3195804
1704,3262390
1705,3176253
1706,3141549
1707,3011127
1708,3091410
1709,3339542
1710,3094960
1711,3012151
1712,3139487
1713,3066279
1714,3322896
1715,3172521
1716,3007995
1717,3150226
1718,3124315
1719,3296666
1720,3208046
1721,3040773
1722,3125389
1723,3000742
1724,3103636
1725,3294805
1726,3110017
1727,3013335
1728,3133271
1729,3051868
1730,3295519
1731,3183816
1732,3031502
1733,3151701
1734,3001149
1735,3249797
1736,3221199
1737,3101493
1738,3159961
1739,3015206
1740,3168955
1741,3339389
1742,3192739
1743,3043049
1744,3216939
1745,3276404
1746,3385790
1747,3194337
1748,3001575
1749,3116893
1750,3024177
1751,3311394
1752,3342670
1753,3039491
1754,3121486
1755,2992369
1756,3236748
1757,3249535
1758,3130781
1759,3137230
1760,3021542
1761,3128503
1762,3324203
1763,3043587
1764,3016636
1765,3129287
1766,3031732
1767,3254315
1768,3194683
1769,3057333
1770,3136754
1771,2993884
1772,3286660
1773,3208182
1774,3032424
1775,3132438
1776,3029610
1777,3163313
1778,3343382
1779,3091987
1780,3039988
1781,3112194
1782,3035753
1783,3373438
1784,3181133
1785,3056758
1786,2990917
1787,3003607
1788,3241240
1789,3199222
1790,3042941
1791,3019504
1792,3044247
1793,3133656
1794,3229253
1795,3084589
1796,3005756
1797,3115541
1798,3020205
1799,3255236
1800,3170752
1801,3041871
1802,3134632
1803,3005111
1804,3238885
1805,3167063
1806,3020012
1807,3084565
1808,3043969
1809,3123135
1810,3276731
1811,3053428
1812,2988059
1813,3085756
1814,3005700
1815,3304689
1816,3189016
1817,3022278
1818,3115390
1819,3002316
1820,3201326
1821,3234850
1822,3029609
1823,3114086
1824,2992997
1825,3074425
1826,3210864
1827,3111040
1828,2993685
1829,3123379
1830,3012647
1831,3203162
1832,3149465
1833,3011968
1834,3130407
1835,3001598
1836,3174669
1837,3167312
1838,3031617
1839,2992170
1840,3131671
1841,3031246
1842,3302016
1843,3109111
1844,3014481
1845,3157361
1846,2989574
1847,3277563
1848,3201396
1849,3067132
1850,3090940
1851,3100888
1852,3180089
1853,3273761
1854,3180845
1855,3962078
1856,3551475
1857,3204404
1858,3187715
1859,3060263
1860,2995662
1861,3007532
1862,3048379
1863,3283639
1864,3097128
1865,3073593
1866,3161633
1867,3036147
1868,3360594
1869,3182910
1870,3041533
1871,3100501
1872,3042426
1873,3211408
1874,3253814
1875,3088211
1876,3031404
1877,3000484
1878,3082785
1879,3318826
1880,3153990
1881,3007263
1882,3117491
1883,3030852
1884,3315269
1885,3177647
1886,3146267
1887,3046276
1888,3024377
1889,3147895
1890,3259807
1891,3074883
1892,3138404
1893,3100440
1894,3104478
1895,3325468
1896,3125987
1897,3032537
1898,3139465
1899,3037391
1900,3386570
1901,3135022
1902,3031088
1903,3135261
1904,3004803
1905,3228718
1906,3260672
1907,3050120
1908,3132422
1909,3012901
1910,3123953
1911,3336423
1912,3124010
1913,3051596
1914,3039877
1915,3023822
1916,3330142
1917,3174659
1918,3055170
1919,3042454
1920,3013217
1921,3283944
1922,3236157
1923,3110143
1924,3051457
1925,3077150
1926,3317539
1927,3312438
1928,3161554
1929,3141416
1930,3009816
1931,3084929
1932,3365975
1933,3126585
1934,3038964
1935,3124465
1936,3222675
1937,3319408
1938,3170280
1939,3057682
1940,3127650
1941,3029934
1942,3226587
1943,3199244
1944,3166772
1945,3149680
1946,3011709
1947,3128106
1948,3365751
1949,3208138
1950,3019216
1951,3004785
1952,3010094
1953,3269570
1954,3168108
1955,3103834
1956,3044932
1957,3043204
1958,3301040
1959,3447471
1960,3174025
1961,3019118
1962,3058190
1963,3175860
1964,3285461
1965,3055548
1966,2997377
1967,3098962
1968,3051611
1969,3332754
1970,3138728
1971,3028169
1972,3121491
1973,2995871
1974,3319757
1975,3244377
1976,3059347
1977,3021144
1978,3021473
1979,3207684
1980,3267758
1981,3084525
1982,3017460
1983,3108198
1984,3068196
1985,3304301
1986,3272657
1987,3116543
1988,3081842
1989,3080951
1990,3370824
1991,3193905
1992,3085095
1993,3163227
1994,3013494
1995,3298097
1996,3247274
1997,3106337
1998,3116974
1999,3019654
2000,3222878
2001,3346329
2002,3093370
2003,3352379
2004,2997597
2005,3114543
2006,3391263
2007,3206661
2008,3007929
2009,3105993
2010,3029534
2011,3292210
2012,3254310
2013,3087560
2014,3025935
2015,3049930
2016,3173408
2017,3287947
2018,3095657
2019,3128558
2020,3003792
2021,3141861
2022,3423588
2023,3239776
2024,3046156
2025,3114253
2026,3028696
2027,3330692
2028,3360166
2029,3050949
2030,3118550
2031,3008376
2032,3265187
2033,3182776
2034,3122433
2035,3122572
2036,3032556
2037,3200883
2038,3263524
2039,3134794
2040,3163489
2041,3061998
2042,3083207
2043,3321771
2044,3153667
2045,3029814
2046,3019447
2047,3025958
2048,3283329
2049,3241173
2050,3036540
2051,3114688
2052,3002938
2053,3231681
2054,3226726
2055,3056283
2056,3123136
2057,2979476
2058,3063914
2059,3283262
2060,3290477
2061,3059383
2062,3157697
2063,3056475
2064,3255635
2065,3159627
2066,3027997
2067,3135451
2068,3006924
2069,3254741
2070,3301253
2071,3183545
2072,3149165
2073,3029512
2074,3048750
2075,3264018
2076,3084866
2077,3030812
2078,3142739
2079,3042306
2080,3277851
2081,3152251
2082,3054288
2083,3016785
2084,3120907
2085,3306890
2086,3310816
2087,3050583
2088,3138010
2089,3018267
2090,3112712
2091,3378822
2092,3126884
2093,3086979
2094,3196950
2095,3186280
2096,3270234
2097,3229091
2098,3076124
2099,3179669
2100,3084909
2101,3247724
2102,3253552
2103,3073569
2104,3152794
2105,3047653
2106,3294067
2107,3301868
2108,3079479
2109,3181887
2110,3067084
2111,3168093
2112,3322371
2113,3291939
2114,3176374
2115,3098945
2116,3141457
2117,3394294
2118,3127700
2119,3061840
2120,3157248
2121,3092052
2122,3332882
2123,3224620
2124,3080063
2125,3156822
2126,3172439
2127,3427055
2128,3244799
2129,3131438
2130,3184102
2131,3073487
2132,3651194
2133,3479395
2134,3144655
2135,3105730
2136,3063732
2137,3366787
2138,3404698
2139,3184287
2140,3105899
2141,3081741
2142,3148402
2143,3568658
2144,3155754
2145,3033606
2146,3036156
2147,3026084
2148,3533855
2149,3299831
2150,3042117
2151,3153361
2152,3044197
2153,3507198
2154,3279582
2155,3065094
2156,3138103
2157,3033480
2158,3541649
2159,3198854
2160,3114428
2161,3158801
2162,3190851
2163,3513641
2164,3285578
2165,3100516
2166,3146447
2167,3028249
2168,3107074
2169,3574421
2170,3116570
2171,3040465
2172,3040961
2173,4899790
2174,3297524
2175,3099961
2176,3150035
2177,3018955
2178,3153753
2179,3578902
2180,3162175
2181,3031256
2182,3132947
2183,3083985
2184,3518981
2185,3222142
2186,3039328
2187,3138652
2188,3082039
2189,3550131
2190,3253987
2191,3088981
2192,3140876
2193,3021224
2194,3503371
2195,3341630
2196,3089994
2197,3163142
2198,3035550
2199,3404747
2200,3315688
2201,3068545
2202,3158350
2203,3051323
2204,3136668
2205,3518206
2206,3153481
2207,3158625
2208,3109735
2209,3072272
2210,3622108
2211,3141454
2212,3054576
2213,3128460
2214,3041179
2215,3499801
2216,3268819
2217,3055248
2218,3142900
2219,3010120
2220,3542739
2221,3225812
2222,3077086
2223,3168338
2224,3032703
2225,3444411
2226,3413401
2227,3084845
2228,3140230
2229,3025266
2230,3172194
2231,3561368
2232,3117651
2233,3035204
2234,3151050
2235,3072159
2236,3530412
2237,3195593
2238,3051519
2239,3118296
2240,3117495
2241,3477185
2242,3387608
2243,3067836
2244,3030728
2245,3025501
2246,3287249
2247,3170433
2248,3089616
2249,3135691
2250,3010524
2251,3275541
2252,3306563
2253,3072687
2254,3141929
2255,3028127
2256,3092228
2257,3358851
2258,3145604
2259,3067700
2260,3115246
2261,3045306
2262,3304177
2263,3279980
2264,3114186
2265,3126205
2266,3017982
2267,3340472
2268,3226093
2269,3097279
2270,3050649
2271,3029156
2272,3168481
2273,3356062
2274,3155515
2275,3021703
2276,3168434
2277,3048439
2278,3307356
2279,3277135
2280,3035914
2281,3148006
2282,3036758
2283,3315053
2284,3203108
2285,3045977
2286,3034126
2287,3039956
2288,3194594
2289,3207265
2290,3093795
2291,3034328
2292,3132675
2293,3085319
2294,3331356
2295,3139016
2296,3043314
2297,3140023
2298,3035701
2299,3365513
2300,3152476
2301,3071504
2302,3144011
2303,3040242
2304,3283388
2305,3250258
2306,3113770
2307,3140442
2308,3011277
2309,3105647
2310,3272824
2311,3144605
2312,3031958
2313,3152752
2314,3232169
2315,3335076
2316,3191242
2317,3095409
2318,3034325
2319,3016638
2320,3297233
2321,3267084
2322,3064436
2323,3050857
2324,3026291
2325,3212781
2326,3473248
2327,3112088
2328,3172341
2329,3032361
2330,3085094
2331,3412209
2332,3137446
2333,3026012
2334,3135150
2335,3039057
2336,3301597
2337,3188956
2338,3400590
2339,3393768
2340,3278865
2341,3341565
2342,3302056
2343,3123080
2344,3025672
2345,3041805
2346,3228010
2347,3264392
2348,3210309
2349,3281820
2350,3288102
2351,3283544
2352,3221335
2353,3119668
2354,3021185
2355,3302102
2356,3295277
2357,3264749
2358,3144738
2359,3075455
2360,3056040
2361,3140081
2362,3283466
2363,3120771
2364,3066434
2365,3146236
2366,3039174
2367,3253842
2368,3177652
2369,3060473
2370,3037193
2371,3053352
2372,3135643
2373,3385728
2374,3129324
2375,3157225
2376,3012982
2377,3053730
2378,3384034
2379,3230331
2380,3084772
2381,3138000
2382,3029312
2383,3278004
2384,3306200
2385,3151783
2386,3066936
2387,3026865
2388,3184759
2389,3307797
2390,3226341
2391,3120182
2392,3082450
2393,3151297
2394,3402449
2395,3117463
2396,3043547
2397,3155062
2398,3038528
2399,3396083
2400,3196702
2401,3067599
2402,3138435
2403,3027551
2404,3286124
2405,3288579
2406,3141940
2407,3018153
2408,3029313
2409,3251761
2410,3364428
2411,3100898
2412,3124631
2413,3027369
2414,3081871
2415,3380355
2416,3146788
2417,3032931
2418,3147452
2419,3015060
2420,3335221
2421,3207872
2422,3063374
2423,3158222
2424,3024780
2425,3314281
2426,3357903
2427,3087731
2428,3166248
2429,3032569
2430,3208624
2431,3291046
2432,3099813
2433,3074985
2434,3016225
2435,3079208
2436,3425427
2437,3240578
2438,3017082
2439,3130208
2440,3030683
2441,3330904
2442,3298416
2443,3048144
2444,3145894
2445,3000157
2446,3293665
2447,3255580
2448,3090107
2449,3025544
2450,3010101
2451,3100054
2452,3330340
2453,3139385
2454,3021231
2455,3124855
2456,3024608
2457,3362050
2458,3172034
2459,3082499
2460,3130308
2461,3027389
2462,3327915
2463,3244754
2464,3049855
2465,3137964
2466,3022273
2467,3105591
2468,3400017
2469,3094835
2470,3151374
2471,3025422
2472,3111051
2473,3539666
2474,3187068
2475,3060364
2476,3180490
2477,3117035
2478,3588848
2479,3237772
2480,3054160
2481,3004482
2482,3024273
2483,3678780
2484,3324423
2485,3095099
2486,3138962
2487,3024379
2488,3416561
2489,4939600
2490,3045152
2491,3139001
2492,3020171
2493,3431436
2494,3237657
2495,3097532
2496,3114413
2497,2998757
2498,3368346
2499,3286415
2500,3107335
2501,3112720
2502,2996572
2503,3643243
2504,3473205
2505,4147359
2506,4354320
2507,3716986
2508,3522810
2509,3447929
2510,3282295
2511,3038049
2512,3073418
2513,3540667
2514,3215126
2515,3019927
2516,3127287
2517,3027443
2518,3289942
2519,3246728
2520,3026208
2521,3112416
2522,3058654
2523,3271258
2524,3292739
2525,3036054
2526,3131126
2527,2993860
2528,3130058
2529,3328575
2530,3086437
2531,2991115
2532,3088581
2533,3000245
2534,3293300
2535,3199424
2536,3025346
2537,3119970
2538,3011961
2539,3256639
2540,3358839
2541,3044134
2542,3125892
2543,2992735
2544,3110272
2545,3298280
2546,3101201
2547,3010492
2548,3093836
2549,3010656
2550,3298138
2551,3288900
2552,3027017
2553,3112736
2554,2988257
2555,3328380
2556,3415349
2557,3084597
2558,3103634
2559,2991872
2560,3125662
2561,3289489
2562,3145143
2563,3221530
2564,3158909
2565,3189127
2566,3310557
2567,3114918
2568,3004954
2569,3116103
2570,3175662
2571,3392844
2572,3438282
2573,3286538
2574,3110437
2575,3059304
2576,3327558
2577,3279542
2578,3078924
2579,3123820
2580,3008098
2581,3227603
2582,3294852
2583,3110089
2584,3111795
2585,2995886
2586,3073945
2587,3244462
2588,3179322
2589,3017460
2590,3115861
2591,3006590
2592,3325553
2593,3254644
2594,3019927
2595,3106300
2596,2991974
2597,3317066
2598,3208736
2599,3038312
2600,3032095
2601,2996094
2602,3041190
2603,3263445
2604,3095092
2605,3011834
2606,3098996
2607,3018488
2608,3319540
2609,3222191
2610,3012265
2611,3127923
2612,3017200
2613,3229397
2614,3234352
2615,3060322
2616,3130860
2617,3084755
2618,3121549
2619,3377510
2620,3174055
2621,3058092
2622,3051741
2623,3082232
2624,3344183
2625,3139046
2626,3040058
2627,3278251
2628,3000490
2629,3371763
2630,3162771
2631,3059504
2632,3041166
2633,3026538
2634,3181235
2635,3387464
2636,3090669
2637,3126773
2638,3018813
2639,3107631
2640,3451590
2641,3200978
2642,3054751
2643,3010036
2644,3034284
2645,3294135
2646,3207085
2647,3064261
2648,3042229
2649,3026289
2650,3187832
2651,3280236
2652,3048223
2653,3142204
2654,3012350
2655,3106146
2656,3446989
2657,3397779
2658,3080895
2659,3050085
2660,3116151
2661,3325222
2662,3181467
2663,3026824
2664,3128836
2665,3003235
2666,3240960
2667,3286025
2668,3060941
2669,3142712
2670,3137098
2671,3319116
2672,3403078
2673,3084491
2674,3019353
2675,3172748
2676,3110611
2677,3387548
2678,3075827
2679,3021008
2680,3132829
2681,3040785
2682,3255996
2683,3130629
2684,3055178
2685,3147774
2686,3010108
2687,3254664
2688,3259240
2689,3074575
2690,3144215
2691,3021643
2692,3276741
2693,3313557
2694,3076873
2695,3030068
2696,3145391
2697,3057408
2698,3360032
2699,3421223
2700,3424594
2701,3309629
2702,3326259
2703,3333984
2704,3214368
2705,3056607
2706,3130225
2707,3047828
2708,3259779
2709,3167767
2710,3051885
2711,3139834
2712,3031225
2713,3177246
2714,3303871
2715,3073134
2716,3154708
2717,3014217
2718,3098351
2719,3365376
2720,3183586
2721,3004193
2722,3131168
2723,3055043
2724,3340990
2725,3230724
2726,3023096
2727,3184313
2728,3026362
2729,3214321
2730,3276107
2731,3067707
2732,3017087
2733,3006642
2734,3125759
2735,3355652
2736,3133587
2737,3000310
2738,3156074
2739,3040330
2740,3256504
2741,3115471
2742,3040897
2743,3126812
2744,3002493
2745,3239545
2746,3239178
2747,3132763
2748,3169171
2749,3028994
2750,3143282
2751,3367128
2752,3071942
2753,3016076
2754,3121766
2755,3038992
2756,3565131
2757,3262018
2758,3039213
2759,3150711
2760,3027597
2761,3284443
2762,3090241
2763,3110884
2764,3177735
2765,3033034
2766,3194731
2767,3230719
2768,3066568
2769,3146355
2770,3030637
2771,3064583
2772,3313921
2773,3157428
2774,3079495
2775,3029971
2776,3055374
2777,3277939
2778,3226014
2779,3115752
2780,3091482
2781,3025442
2782,3202602
2783,3197125
2784,3142259
2785,3147595
2786,3046212
2787,3123245
2788,3306347
2789,3096355
2790,3005188
2791,3148555
2792,3075282
2793,3289426
2794,3207041
2795,3048031
2796,3134924
2797,3002922
2798,3252739
2799,3274139
2800,3031341
2801,3150312
2802,3008077
2803,3129410
2804,3300375
2805,4530545
2806,3132756
2807,3018743
2808,3122603
2809,3299766
2810,3069991
2811,3124786
2812,3025453
2813,3050345
2814,3293655
2815,3149945
2816,3015343
2817,3137768
2818,3014459
2819,3221808
2820,3202160
2821,3023150
2822,3138507
2823,3017460
2824,3141086
2825,3298696
2826,3079023
2827,3152913
2828,3018753
2829,3067837
2830,3279690
2831,3124373
2832,3018582
2833,3122816
2834,3027581
2835,3249428
2836,3234013
2837,3049646
2838,3145486
2839,3013465
2840,3250644
2841,3265414
2842,3076015
2843,3120112
2844,3011477
2845,3297238
2846,3457549
2847,3165479
2848,3014807
2849,3138086
2850,3042171
2851,3274227
2852,3173439
2853,3062504
2854,3152042
2855,3016169
2856,3240455
2857,3220663
2858,3070405
2859,3157671
2860,3029887
2861,3115498
2862,3321484
2863,3086246
2864,3030772
2865,3163535
2866,3083869
2867,3496946
2868,3278052
2869,3038108
2870,3061258
2871,3082738
2872,3639654
2873,3369644
2874,3106420
2875,3139438
2876,3010743
2877,3570865
2878,3397033
2879,3038528
2880,3129105
2881,3007326
2882,3447150
2883,3395561
2884,3061899
2885,3118733
2886,3000270
2887,3182197
2888,3554210
2889,3099350
2890,3161164
2891,3027734
2892,3221249
2893,3534717
2894,3207256
2895,3029918
2896,3136502
2897,3072820
2898,3525774
2899,3245186
2900,3062645
2901,3134453
2902,3054970
2903,3480747
2904,3289296
2905,3186642
2906,3147257
2907,3049015
2908,3564294
2909,3462097
2910,3147181
2911,3172476
2912,3037443
2913,3429918
2914,3544919
2915,3074192
2916,3165242
2917,2996770
2918,3316598
2919,3351597
2920,3099223
2921,3123162
2922,3011958
2923,3117397
2924,3437444
2925,3135185
2926,3052863
2927,3129635
2928,3049207
2929,3498520
2930,3213964
2931,3033993
2932,3122133
2933,3024415
2934,3470403
2935,3197747
2936,3096430
2937,3122486
2938,3009402
2939,3329424
2940,3307993
2941,3203499
2942,3156536
2943,3048646
2944,3224530
2945,3471833
2946,3122356
2947,3216870
2948,3068580
2949,3043985
2950,3338009
2951,3202903
2952,3029537
2953,3132634
2954,3027544
2955,3280359
2956,3313828
2957,3081318
2958,3156258
2959,3012998
2960,3238119
2961,3212721
2962,3091933
2963,3148165
2964,3021464
2965,3168616
2966,3137038
2967,3080309
2968,3195106
2969,3474288
2970,3239645
2971,3366460
2972,3136372
2973,3028761
2974,3136371
2975,3024918
2976,3260953
2977,3200256
2978,3055333
2979,3028345
2980,3002141
2981,3230461
2982,3338022
2983,3100665
2984,3022929
2985,3138657
2986,3276546
2987,3291878
2988,3118906
2989,3012296
2990,3171772
2991,3083825
2992,3245643
2993,3218165
2994,3037014
2995,3122207
2996,3004419
2997,3229948
2998,3238553
2999,3021507
3000,3126435
3001,3005425
3002,3057599
3003,3284163
3004,3115424
3005,3013591
3006,3146171
3007,3024545
3008,3242573
3009,3170788
3010,3041324
3011,3139001
3012,3019123
3013,3224688
3014,3282003
3015,3156088
3016,3145664
3017,3021839
3018,3115646
3019,3419751
3020,3091154
3021,2999832
3022,3144668
3023,3055338
3024,3254647
3025,3109916
3026,3045006
3027,3119130
3028,3000030
3029,3208978
3030,3234209
3031,3052609
3032,3130545
3033,3008612
3034,3073225
3035,3288513
3036,3203136
3037,3008328
3038,3103341
3039,3015033
3040,3355695
3041,3141494
3042,3053495
3043,3012533
3044,2985628
3045,3279423
3046,3172076
3047,3051653
3048,3104815
3049,3014919
3050,3077744
3051,3423744
3052,3167061
3053,3008895
3054,3125260
3055,3024520
3056,3325724
3057,3232759
3058,3060913
3059,3125451
3060,3015366
3061,3293605
3062,3173977
3063,3038651
3064,3108628
3065,2995675
3066,3088686
3067,3292523
3068,3054216
3069,3003099
3070,3120874
3071,3078778
3072,3346505
3073,3167579
3074,3047064
3075,3126321
3076,2987909
3077,3246340
3078,3286557
3079,3067366
3080,3111479
3081,2997205
3082,3030389
3083,3318173
3084,3072301
3085,3005131
3086,3118420
3087,3007233
3088,3302250
3089,3158932
3090,3036911
3091,3100662
3092,3006137
3093,3263906
3094,3217467
3095,3051577
3096,3132578
3097,3011849
3098,3084841
3099,3291017
3100,3076569
3101,3012782
3102,3108011
3103,3020128
3104,3310742
3105,3184603
3106,3023815
3107,3122914
3108,3153443
3109,3329210
3110,3150775
3111,3023895
3112,3097159
3113,2987575
3114,3022017
3115,3304584
3116,3133606
3117,3002202
3118,3144052
3119,3029682
3120,3317756
3121,3195117
3122,3283409
3123,3919628
3124,3012410
3125,3285190
3126,3136554
3127,2994022
3128,3120086
3129,2979985
3130,3179244
3131,3135532
3132,3047004
3133,3041128
3134,3116047
3135,3043509
3136,3301388
3137,3080113
3138,3005696
3139,3123634
3140,3005022
3141,3252633
3142,3145013
3143,3019609
3144,3106817
3145,2986784
3146,3139468
3147,3287834
3148,3026623
3149,2997930
3150,2992116
3151,3037420
3152,3307823
3153,3123491
3154,3011756
3155,3111799
3156,3087680
3157,3322261
3158,3159667
3159,3034320
3160,2990674
3161,3005699
3162,3131384
3163,3263312
3164,3065393
3165,3014885
3166,3118709
3167,3004405
3168,3260275
3169,3186285
3170,3035180
3171,3123623
3172,2976411
3173,3248054
3174,3190674
3175,3038121
3176,3121066
3177,3012494
3178,3049872
3179,3278869
3180,3181307
3181,3007042
3182,3102605
3183,3005248
3184,3242102
3185,3120811
3186,3017209
3187,3167961
3188,3435846
3189,3460151
3190,3408520
3191,3310060
3192,3163042
3193,2993254
3194,3276951
3195,3229262
3196,3063235
3197,3174333
3198,3059033
3199,3081345
3200,3327705
3201,3090864
3202,3005773
3203,3104970
3204,3040788
3205,3374721
3206,3126288
3207,2992116
3208,3107974
3209,2991351
3210,3200579
3211,3269058
3212,3057421
3213,3119481
3214,2982044
3215,3098833
3216,3273698
3217,3082226
3218,3014026
3219,3087605
3220,2997465
3221,3283113
3222,3199237
3223,3073190
3224,3104163
3225,2989704
3226,3164183
3227,3191140
3228,3097776
3229,3182732
3230,2991320
3231,3039107
3232,3295022
3233,3119860
3234,3000205
3235,3107481
3236,3007154
3237,3258685
3238,3148598
3239,3021848
3240,3130931
3241,2991939
3242,3205143
3243,3226197
3244,3054390
3245,3126076
3246,3010270
3247,3095180
3248,3382074
3249,3204458
3250,3073335
3251,3163757
3252,3060693
3253,3382128
3254,3223934
3255,3075162
3256,3341089
3257,3024922
3258,3235577
3259,3143629
3260,3051829
3261,3118561
3262,2998542
3263,3437340
3264,3412453
3265,3098915
3266,3131789
3267,3010854
3268,3033786
3269,3376204
3270,3172386
3271,3020785
3272,3130287
3273,3036366
3274,3240711
3275,3130693
3276,3033077
3277,3145862
3278,3024722
3279,3199480
3280,3187243
3281,3054723
3282,3140042
3283,3006356
3284,3103123
3285,3415059
3286,3210556
3287,3033684
3288,3125991
3289,3033885
3290,3288277
3291,3135348
3292,3027185
3293,3135788
3294,3026425
3295,3306322
3296,3240794
3297,3067915
3298,3144743
3299,3008426
3300,3067150
3301,3306907
3302,3060608
3303,3014883
3304,3119258
3305,3019499
3306,3271288
3307,3169786
3308,3026861
3309,3007425
3310,3013365
3311,3534879
3312,3180803
3313,3076143
3314,3124944
3315,3008785
3316,3289079
3317,3284346
3318,3068187
3319,3004236
3320,3124507
3321,3076606
3322,3413155
3323,3114092
3324,3014282
3325,3132291
3326,3037687
3327,3471069
3328,3203313
3329,3289669
3330,3221284
3331,3048319
3332,3480454
3333,3267730
3334,3111500
3335,3142661
3336,3015325
3337,3391395
3338,3297116
3339,3104147
3340,3120115
3341,2999137
3342,3159083
3343,3425453
3344,3159282
3345,3048648
3346,3131663
3347,3045376
3348,3446071
3349,3225101
3350,3067490
3351,3148527
3352,3003530
3353,3492531
3354,3164391
3355,3067646
3356,3120586
3357,3027677
3358,3451876
3359,3310161
3360,3072404
3361,3117525
3362,3007510
3363,3180910
3364,3368820
3365,3125248
3366,3037538
3367,3141383
3368,3043195
3369,3456052
3370,3183663
3371,3033065
3372,3120136
3373,3000830
3374,3465075
3375,3167411
3376,3064456
3377,3188956
3378,3013064
3379,3427984
3380,3226056
3381,3060629
3382,3007940
3383,3126725
3384,3208893
3385,3354707
3386,3136092
3387,3008997
3388,3115253
3389,3027266
3390,3535741
3391,3175089
3392,3032815
3393,3132504
3394,3008721
3395,3479631
3396,3205732
3397,3056127
3398,3012809
3399,3006049
3400,3275689
3401,3361582
3402,3071334
3403,3125012
3404,3006328
3405,3082287
3406,3425115
3407,3137352
3408,3043477
3409,3002723
3410,3043388
3411,3438735
3412,3192430
3413,3069379
3414,3039398
3415,3037378
3416,3365226
3417,3245877
3418,3077456
3419,3123077
3420,3005354
3421,3239386
3422,3352612
3423,3122018
3424,3020775
3425,3119369
3426,3060202
3427,3445049
3428,3172555
3429,3008570
3430,3127673
3431,3002082
3432,3419989
3433,3192792
3434,3098285
3435,3135366
3436,2992055
3437,3374957
3438,3415889
3439,3070270
3440,3039602
3441,3530584
3442,3569704
3443,3298176
3444,3084718
3445,3008483
3446,3016763
3447,3127847
3448,3376768
3449,3133357
3450,3112007
3451,3049602
3452,3060538
3453,3414215
3454,3289433
3455,3063777
3456,3112008
3457,3019580
3458,3257474
3459,3305280
3460,3076545
3461,3130983
3462,3038293
3463,3125361
3464,3273854
3465,3111093
3466,3088943
3467,3024186
3468,3041660
3469,3260454
3470,3155940
3471,3030597
3472,3132846
3473,3085561
3474,3330623
3475,3186801
3476,3048566
3477,3152373
3478,3021476
3479,3121452
3480,3364420
3481,3081528
3482,3149517
3483,3029010
3484,3029203
3485,3301169
3486,3172216
3487,3029594
3488,3141904
3489,3048721
3490,3320257
3491,3194882
3492,3044384
3493,3004793
3494,3038431
3495,3143774
3496,3342291
3497,3086812
3498,3159216
3499,3032075
3500,3066496
3501,3312396
3502,3145347
3503,3038611
3504,3137813
3505,3032737
3506,3305830
3507,3360069
3508,3375496
3509,3143659
3510,3034961
3511,3322046
3512,3218507
3513,3076004
3514,3130219
3515,3019730
3516,3147964
3517,3248119
3518,3138271
3519,3036775
3520,3112150
3521,3037890
3522,3385113
3523,3164019
3524,3020073
3525,3135610
3526,3031228
3527,3285521
3528,3202745
3529,3109422
3530,3221823
3531,3064989
3532,3324130
3533,3376726
3534,3095668
3535,3150152
3536,3048867
3537,3163897
3538,3423817
3539,3242357
3540,3171953
3541,3057578
3542,3092702
3543,3401899
3544,3361656
3545,3079191
3546,3133000
3547,3022895
3548,3329778
3549,3226033
3550,3107156
3551,3162430
3552,3002828
3553,3273210
3554,3274030
3555,3037350
3556,3144863
3557,3017263
3558,3145865
3559,3384376
3560,3106480
3561,3152069
3562,3027761
3563,3047783
3564,3333642
3565,3201561
3566,3032976
3567,3125282
3568,3027772
3569,3308314
3570,3230635
3571,3031694
3572,3140437
3573,3014174
3574,3201635
3575,3310107
3576,3055717
3577,3143621
3578,3015826
3579,3089558
3580,3320067
3581,3247357
3582,3059419
3583,3002234
3584,3028083
3585,3253096
3586,3224927
3587,3071031
3588,3101708
3589,3006340
3590,3222732
3591,3279100
3592,3054105
3593,3134781
3594,3012977
3595,3065166
3596,3290083
3597,3141780
3598,3020413
3599,3125197
3600,3036808
3601,3280062
3602,3293588
3603,3027524
3604,3122125
3605,3030691
3606,3280148
3607,3230322
3608,3052922
3609,3115599
3610,3016164
3611,3123797
3612,3355386
3613,3118569
3614,3022866
3615,3112171
3616,3013113
3617,3271799
3618,3226735
3619,3061343
3620,3158793
3621,3022592
3622,3266307
3623,3223615
3624,3115029
3625,3039746
3626,3044930
3627,3196841
3628,3269327
3629,3049100
3630,3017821
3631,3141592
3632,3050389
3633,3298668
3634,3137764
3635,3043327
3636,3119842
3637,3016181
3638,3283183
3639,3224233
3640,3048907
3641,3145879
3642,3014034
3643,3226095
3644,3298160
3645,3291283
3646,3199344
3647,3014247
3648,3104277
3649,3327316
3650,3229829
3651,3185425
3652,3023057
3653,3022909
3654,3318464
3655,3162638
3656,3034028
3657,3140051
3658,3022113
3659,3241469
3660,3228228
3661,3049174
3662,3137411
3663,3027517
3664,3072071
3665,3279185
3666,3117666
3667,3031988
3668,3134119
3669,3035224
3670,3301090
3671,3192865
3672,3067330
3673,3124779
3674,3012570
3675,3245182
3676,3287078
3677,3105053
3678,3033616
3679,3007117
3680,3092415
3681,3234302
3682,3077507
3683,3160053
3684,3034012
3685,3042185
3686,3403263
3687,3168635
3688,3035396
3689,3138026
3690,3025271
3691,3293180
3692,3241876
3693,3053192
3694,3017117
3695,3037159
3696,3126750
3697,3325457
3698,3120176
3699,3147494
3700,2998447
3701,3048609
3702,3415372
3703,3153758
3704,3018876
3705,3138443
3706,3015865
3707,3261144
3708,3248507
3709,3092438
3710,3130281
3711,3015810
3712,3169205
3713,3291170
3714,3062921
3715,3136546
3716,3015116
3717,3049251
3718,3377129
3719,3138584
3720,3025691
3721,3128753
3722,3024816
3723,3328367
3724,3237774
3725,3035766
3726,3118941
3727,3013085
3728,3269769
3729,3196212
3730,3107554
3731,2999458
3732,3007439
3733,3071059
3734,3406781
3735,3112616
3736,3008701
3737,3002242
3738,3005035
3739,3352315
3740,3198634
3741,3061279
3742,3151099
3743,3076406
3744,3334256
3745,3291519
3746,3044014
3747,3121254
3748,3008632
3749,3091328
3750,3355010
3751,3163156
3752,3071182
3753,3054043
3754,3023871
3755,3402361
3756,3309993
3757,3034145
3758,3138859
3759,3019543
3760,4917520
3761,3129618
3762,3021689
3763,3124797
3764,3021800
3765,3415037
3766,3226624
3767,3023972
3768,3120582
3769,3009021
3770,3236910
3771,3283380
3772,3087109
3773,3115142
3774,2999742
3775,3126084
3776,3425092
3777,3084067
3778,3011881
3779,3120357
3780,3018094
3781,3356582
3782,3184271
3783,3015990
3784,3119850
3785,3005754
3786,3274371
3787,3177116
3788,3036469
3789,3102796
3790,3068254
3791,3192271
3792,3395519
3793,3070886
3794,3117068
3795,3013339
3796,3061857
3797,3309869
3798,3145973
3799,2992234
3800,3122737
3801,2998034
3802,3261457
3803,3220923
3804,3067700
3805,3124453
3806,3009607
3807,3200651
3808,3369872
3809,3071567
3810,3103286
3811,3001496
3812,3055163
3813,3389988
3814,3120658
3815,3010965
3816,3124880
3817,3018754
3818,3249244
3819,3157186
3820,3030532
3821,3113422
3822,3013330
3823,3182274
3824,3321626
3825,3318063
3826,3343373
3827,3042755
3828,3129469
3829,3392266
3830,3092907
3831,3026581
3832,3125383
3833,3044711
3834,3376691
3835,3339648
3836,3069550
3837,3036849
3838,3010036
3839,3311150
3840,3277301
3841,3061020
3842,3130197
3843,2995701
3844,3168531
3845,3403648
3846,3064282
3847,3123249
3848,2998703
3849,3044204
3850,3320534
3851,3165573
3852,3000650
3853,3110986
3854,3018000
3855,3310551
3856,3198297
3857,3084214
3858,3142310
3859,3002617
3860,3265612
3861,3275602
3862,3078789
3863,3123119
3864,2987941
3865,3066214
3866,3299954
3867,3143760
3868,3063096
3869,3133253
3870,3043369
3871,3387427
3872,3250384
3873,3099503
3874,3055895
3875,3011284
3876,3285623
3877,3275736
3878,3053654
3879,3201588
3880,3067899
3881,3174933
3882,3415035
3883,3135544
3884,3195893
3885,3199653
3886,3205200
3887,3347141
3888,3145623
3889,3054613
3890,3144757
3891,3030780
3892,3292340
3893,3130208
3894,3012405
3895,3147823
3896,3025248
3897,3290889
3898,3223103
3899,3069046
3900,3141246
3901,3001303
3902,3154335
3903,3319584
3904,3104517
3905,3033526
3906,3144733
3907,3029882
3908,3299387
3909,3153179
3910,3045002
3911,3032553
3912,3008429
3913,3254583
3914,3197795
3915,3038816
3916,3128557
3917,3000662
3918,3139514
3919,3317541
3920,3127161
3921,3028953
3922,3116206
3923,3020906
3924,3256435
3925,3181364
3926,3025791
3927,3117232
3928,2982585
3929,3271136
3930,3394997
3931,3061888
3932,3007394
3933,3007969
3934,3143077
3935,3333816
3936,3065432
3937,3009092
3938,3118147
3939,3233110
3940,3365405
3941,3294692
3942,3051771
3943,3028268
3944,3091924
3945,3286059
3946,3124710
3947,3042930
3948,3128090
3949,3007244
3950,3230901
3951,3264768
3952,3054384
3953,3118910
3954,3002297
3955,3073592
3956,3302631
3957,3089800
3958,3018039
3959,3103896
3960,3015745
3961,3349406
3962,3209777
3963,3240748
3964,3118370
3965,3046118
3966,3296732
3967,3271679
3968,3121282
3969,3185272
3970,3006067
3971,3164950
3972,3405391
3973,3183708
3974,3104184
3975,3040621
3976,3071223
3977,3313960
3978,3145621
3979,3028437
3980,3123571
3981,3024605
3982,3338380
3983,3188790
3984,3098436
3985,3015233
3986,3020569
3987,3127022
3988,3360687
3989,3108684
3990,3020269
3991,3130508
3992,3042480
3993,3328978
3994,3167530
3995,3073445
3996,3034839
3997,3024212
3998,3285236
3999,3187839
4000,3059939
4001,3134827
4002,3023787
4003,3198081
4004,3247614
4005,3078579
4006,3008551
4007,3148299
4008,3077049
4009,3365313
4010,3265647
4011,3037256
4012,3121258
4013,3033181
4014,3338715
4015,3231466
4016,3025655
4017,3121745
4018,3014991
4019,3298103
4020,3242691
4021,3084169
4022,3119264
4023,3021624
4024,3161237
4025,3566696
4026,3203567
4027,3128023
4028,3024499
4029,3072681
4030,3643200
4031,3185479
4032,3036518
4033,3026995
4034,3011386
4035,3511780
4036,3242661
4037,3034628
4038,3132351
4039,3009099
4040,3466601
4041,3233569
4042,3095469
4043,3152378
4044,3023674
4045,3305743
4046,3485185
4047,3113760
4048,3141689
4049,3025411
4050,3123686
4051,3629554
4052,3128332
4053,3024731
4054,3154076
4055,3127581
4056,3514153
4057,3250533
4058,3075573
4059,3072274
4060,3064101
4061,3547587
4062,3299185
4063,3059553
4064,3153650
4065,3038065
4066,3475243
4067,3222536
4068,3108489
4069,3149923
4070,3013943
4071,3354971
4072,3331545
4073,3116721
4074,3148339
4075,3037145
4076,3132866
4077,5032319
4078,3115850
4079,3160381
4080,3035946
4081,3453311
4082,3353546
4083,3103967
4084,3175242
4085,3044280
4086,3201291
4087,3530824
4088,3171823
4089,3075381
4090,3034668
4091,3092795
4092,3652477
4093,3138911
4094,3041048
4095,3151799
4096,3037361
4097,3510992
4098,3231508
4099,3034605
4100,3136434
4101,3012832
4102,3525244
4103,3396705
4104,3080432
4105,3156350
4106,3030225
4107,3528659
4108,3326282
4109,3065935
4110,3130521
4111,3026264
4112,3142213
4113,3567474
4114,3074694
4115,3128556
4116,3010656
4117,3095884
4118,3497304
4119,3153080
4120,3047983
4121,3020672
4122,3186232
4123,3631430
4124,3319205
4125,3152864
4126,3154102
4127,3088150
4128,3532178
4129,3219494
4130,3080627
4131,3165989
4132,3022274
4133,3484012
4134,3280764
4135,3083249
4136,3151372
4137,3023785
4138,3265833
4139,3522477
4140,3345114
4141,3482522
4142,3224435
4143,3296456
4144,3414281
4145,3126048
4146,3157397
4147,3008730
4148,3104741
4149,3542861
4150,3172099
4151,3348493
4152,3029224
4153,3035585
4154,3558998
4155,3210016
4156,3029596
4157,3134033
4158,3025246
4159,3476545
4160,3213707
4161,3048038
4162,3133169
4163,3021629
4164,3496240
4165,3243782
4166,3068183
4167,3137501
4168,3017318
4169,3229393
4170,3496548
4171,3169019
4172,3135632
4173,3016332
4174,3117241
4175,3618603
4176,3148256
4177,3153440
4178,3023939
4179,3071565
4180,3507573
4181,3282455
4182,3095323
4183,3165018
4184,3054810
4185,3514250
4186,3294738
4187,3057831
4188,3054216
4189,3045475
4190,3404407
4191,3274881
4192,3098801
4193,3105590
4194,3026944
4195,3329561
4196,3442820
4197,3073343
4198,3157846
4199,3015152
4200,3096642
4201,3568908
4202,3105037
4203,3045200
4204,3145048
4205,3026727
4206,3547085
4207,3228287
4208,3039275
4209,3025685
4210,3022883
4211,3387554
4212,3270726
4213,3185295
4214,3090388
4215,3020337
4216,3241484
4217,3336559
4218,3149020
4219,3188913
4220,3042218
4221,3091954
4222,3280830
4223,3135408
4224,3036621
4225,3129184
4226,3030398
4227,3385825
4228,3214436
4229,3025995
4230,3147861
4231,3020921
4232,3239358
4233,3255810
4234,3059607
4235,3141814
4236,3020291
4237,3065889
4238,3320047
4239,3105491
4240,3032030
4241,3029205
4242,3031303
4243,3354402
4244,3156695
4245,3038202
4246,3144955
4247,3030064
4248,3316175
4249,3168632
4250,3053708
4251,3117721
4252,3018342
4253,3192458
4254,3351948
4255,3103239
4256,3149450
4257,3028282
4258,3011649
4259,3322537
4260,3152396
4261,3043568
4262,3136541
4263,3010337
4264,3309019
4265,3308146
4266,3059662
4267,3158571
4268,3009585
4269,3153132
4270,3290125
4271,3081317
4272,3150332
4273,3020111
4274,3042001
4275,4429618
4276,4368825
4277,4298828
4278,3143797
4279,3342293
4280,3287250
4281,3234344
4282,3153963
4283,3039126
4284,3226634
4285,3273211
4286,3167456
4287,3106455
4288,3141498
4289,3182739
4290,3213573
4291,3108045
4292,3237680
4293,3039194
4294,3050956
4295,3331123
4296,3088932
4297,3042599
4298,3150686
4299,3038918
4300,3278169
4301,3239458
4302,3030810
4303,3135655
4304,3021839
4305,3285944
4306,3213098
4307,3045431
4308,3133855
4309,3024598
4310,3070573
4311,3318353
4312,3159781
4313,3069022
4314,3136289
4315,3052108
4316,3262982
4317,3166868
4318,3063440
4319,3141871
4320,3015024
4321,3270283
4322,3212119
4323,3206352
4324,3013972
4325,3028484
4326,3117989
4327,3285389
4328,3076099
4329,2996006
4330,3132691
4331,3046816
4332,3295266
4333,3138801
4334,3063388
4335,3119024
4336,3007543
4337,3312866
4338,3203063
4339,3038162
4340,3066951
4341,3054762
4342,3097581
4343,3311886
4344,3100216
4345,3006839
4346,3134029
4347,3040225
4348,3309537
4349,3163516
4350,3025898
4351,3134651
4352,3064749
4353,3243326
4354,3192148
4355,3039582
4356,3134221
4357,3008975
4358,3116799
4359,3262729
4360,3079574
4361,3032999
4362,3127027
4363,3035878
4364,3248645
4365,3268812
4366,3132430
4367,3139505
4368,3039659
4369,3251899
4370,3210496
4371,3056336
4372,3144501
4373,3014232
4374,3423624
4375,3380124
4376,3105171
4377,3157349
4378,3022126
4379,3134848
4380,3573248
4381,3128794
4382,3206872
4383,3070495
4384,3072938
4385,3542245
4386,3133088
4387,3042405
4388,3163160
4389,3038425
4390,3576689
4391,3220219
4392,4213109
4393,3146247
4394,3128910
4395,3327090
4396,3145024
4397,3071241
4398,3157619
4399,3058246
4400,3346022
4401,3169030
4402,3163262
4403,3121935
4404,3064069
4405,3174619
4406,3327280
4407,3286354
4408,3214354
4409,3039391
4410,3142561
4411,3373196
4412,3133695
4413,3182752
4414,3049257
4415,3081183
4416,3231587
4417,3173916
4418,3058670
4419,3179804
4420,3081580
4421,3361286
4422,3138768
4423,3081247
4424,3144890
4425,3053403
4426,3255727
4427,3195419
4428,3135452
4429,3177461
4430,3052401
4431,3137752
4432,3539642
4433,3121041
4434,3051217
4435,3156135
4436,3092279
4437,3648876
4438,3267248
4439,3057326
4440,3176145
4441,3095110
4442,3534253
4443,3265766
4444,3058864
4445,3161395
4446,3044338
4447,3515132
4448,3187374
4449,3106203
4450,3170373
4451,3040109
4452,3399307
4453,3354535
4454,3144440
4455,3359555
4456,3335249
4457,3439601
4458,3252892
4459,3097664
4460,3174607
4461,3028492
4462,3139772
4463,3497274
4464,3110183
4465,3053929
4466,3043878
4467,3061196
4468,3496039
4469,3207283
4470,3041038
4471,3137922
4472,3032977
4473,3468856
4474,3172828
4475,3057250
4476,3138644
4477,3021534
4478,3440061
4479,3267795
4480,3064787
4481,3125283
4482,3009036
4483,3126387
4484,3430075
4485,3105629
4486,3007197
4487,3123529
4488,3011117
4489,3486696
4490,3306675
4491,3027428
4492,3004875
4493,3010426
4494,3451348
4495,3194877
4496,3034565
4497,3111506
4498,3000279
4499,3303350
4500,3279146
4501,3110383
4502,3146610
4503,3005214
4504,3102817
4505,3625705
4506,3223385
4507,3059224
4508,3033164
4509,3033785
4510,3623217
4511,3211278
4512,3060176
4513,3115013
4514,3081050
4515,3498145
4516,3220019
4517,3091151
4518,3025647
4519,3000347
4520,3405950
4521,3284582
4522,3093308
4523,3124085
4524,3011738
4525,3118649
4526,3512514
4527,3121949
4528,3027191
4529,3343792
4530,3096063
4531,3430748
4532,3168316
4533,3020542
4534,3128867
4535,3032636
4536,3481900
4537,3189401
4538,3051229
4539,3132740
4540,3019565
4541,3385995
4542,3242843
4543,3052060
4544,3126241
4545,3018993
4546,3100064
4547,3524223
4548,3186027
4549,3082678
4550,3076287
4551,3118064
4552,3618446
4553,3127539
4554,3033891
4555,3133444
4556,3028218
4557,3534981
4558,3161472
4559,3046080
4560,3016602
4561,3014166
4562,3395322
4563,3209210
4564,3072008
4565,3016129
4566,3017493
4567,3105909
4568,3430622
4569,3115936
4570,3030488
4571,3002789
4572,3026447
4573,3317510
4574,3149204
4575,3029578
4576,3142193
4577,3005419
4578,3196976
4579,3185034
4580,3072879
4581,3131958
4582,2988419
4583,3114826
4584,3303488
4585,3060395
4586,3026005
4587,3014361
4588,3011427
4589,3589790
4590,3284974
4591,3048347
4592,3031439
4593,3008870
4594,3383051
4595,3250506
4596,3110231
4597,3078657
4598,3007870
4599,3254906
4600,3458553
4601,3082080
4602,3426851
4603,3042307
4604,3162169
4605,3535305
4606,3116645
4607,3203004
4608,3033904
4609,3064138
4610,3517752
4611,3150339
4612,3067420
4613,3019010
4614,3036798
4615,3513785
4616,3207780
4617,3052463
4618,3144875
4619,3012413
4620,3440452
4621,3264324
4622,3036935
4623,3122196
4624,3012278
4625,3107888
4626,3511532
4627,3079000
4628,3154440
4629,3011374
4630,3043010
4631,3503797
4632,3215927
4633,3018916
4634,3133406
4635,3016404
4636,3443067
4637,3197492
4638,3165617
4639,3019981
4640,3027338
4641,3393262
4642,3210929
4643,3055830
4644,3131840
4645,3010092
4646,3137604
4647,3480879
4648,3115159
4649,3018525
4650,3121724
4651,3039106
4652,3587620
4653,3168454
4654,3025248
4655,3130704
4656,3024624
4657,3426324
4658,3148875
4659,3046655
4660,3129663
4661,3088950
4662,3439470
4663,3263278
4664,3065751
4665,3127042
4666,3006751
4667,3148140
4668,3260589
4669,3085815
4670,3040583
4671,3123122
4672,3036286
4673,3244689
4674,3185050
4675,3056173
4676,3120561
4677,3006684
4678,3240458
4679,3186797
4680,3035944
4681,3023453
4682,3019096
4683,3109933
4684,3277836
4685,3084515
4686,2999527
4687,3095463
4688,3036572
4689,3495301
4690,3325563
4691,3029600
4692,3113192
4693,3010974
4694,3461970
4695,3216780
4696,3032561
4697,3133032
4698,3006795
4699,3296482
4700,3343468
4701,3161949
4702,3009132
4703,3159807
4704,3087525
4705,3571154
4706,3128638
4707,3006145
4708,3760351
4709,3245708
4710,3489150
4711,3113693
4712,3012527
4713,3126334
4714,3024552
4715,3574643
4716,3188087
4717,3024101
4718,3012550
4719,3028768
4720,3474719
4721,3173428
4722,3048227
4723,3145705
4724,3015025
4725,3300597
4726,3381335
4727,3090973
4728,3154625
4729,3013303
4730,3069218
4731,3540811
4732,3092289
4733,3136168
4734,3015604
4735,3022151
4736,3324999
4737,3196149
4738,3004990
4739,3129883
4740,3009297
4741,3268819
4742,3186347
4743,3028038
4744,3130697
4745,3014360
4746,3067570
4747,3254062
4748,3071493
4749,3006391
4750,3120238
4751,3086197
4752,3301312
4753,3126783
4754,3037231
4755,3110998
4756,3002356
4757,3230611
4758,3200403
4759,3135892
4760,3101935
4761,3024043
4762,3078418
4763,3273725
4764,3117904
4765,3030665
4766,3145473
4767,3040435
4768,3346042
4769,3152788
4770,3319240
4771,4325913
4772,3490649
4773,3364432
4774,3118078
4775,3016201
4776,3149222
4777,3040760
4778,3352380
4779,3281840
4780,3079960
4781,3131856
4782,3053328
4783,3278830
4784,3396169
4785,3204892
4786,3161668
4787,2999550
4788,3252463
4789,3246388
4790,3072134
4791,3141402
4792,3042766
4793,3075969
4794,3256976
4795,3128381
4796,3010915
4797,3111614
4798,3028680
4799,3346777
4800,3186866
4801,3097063
4802,3034344
4803,2997555
4804,3223431
4805,3307394
4806,3039268
4807,3011055
4808,2995621
4809,3071978
4810,3260821
4811,3154753
4812,3040828
4813,3122530
4814,3038649
4815,3340351
4816,3106537
4817,3025899
4818,3137883
4819,3018432
4820,3208182
4821,3181881
4822,3049514
4823,3010864
4824,2990113
4825,3041029
4826,3252536
4827,3160088
4828,3003142
4829,3156276
4830,3005468
4831,3329428
4832,3246485
4833,3013072
4834,3071129
4835,3019620
4836,3177885
4837,3234266
4838,3046938
4839,3007390
4840,3090250
4841,3019986
4842,3274926
4843,3178253
4844,3002616
4845,3148183
4846,3012881
4847,3383057
4848,3187999
4849,3078765
4850,3103806
4851,2998742
4852,3206999
4853,3265439
4854,3092506
4855,3025756
4856,3175684
4857,3094074
4858,3282795
4859,3177767
4860,3033960
4861,3132315
4862,3052200
4863,3362644
4864,3170502
4865,3039014
4866,3126649
4867,3027900
4868,3233064
4869,3239082
4870,3096346
4871,3050842
4872,3043455
4873,3114727
4874,3285787
4875,3131765
4876,3038463
4877,3132353
4878,3046540
4879,3281573
4880,3158774
4881,3027571
4882,3146502
4883,3028546
4884,3283672
4885,3253605
4886,3087958
4887,3021416
4888,3039737
4889,3118408
4890,3578355
4891,3130194
4892,3165585
4893,3034777
4894,3066713
4895,3509227
4896,3241399
4897,3053109
4898,3132432
4899,3011248
4900,3544099
4901,3200565
4902,3090347
4903,3016013
4904,3031116
4905,3379981
4906,3283758
4907,3089189
4908,3147529
4909,3009142
4910,3204070
4911,3638723
4912,3162360
4913,3126497
4914,3012850
4915,3075428
4916,3583074
4917,3173509
4918,3074362
4919,3129309
4920,3017423
4921,3491654
4922,3203221
4923,3093104
4924,3199451
4925,3027829
4926,3560408
4927,3177558
4928,3099935
4929,3166816
4930,3003935
4931,3385225
4932,3300216
4933,3135964
4934,3097916
4935,3052434
4936,3109210
4937,3552822
4938,3097840
4939,3031682
4940,3023051
4941,3031212
4942,3627384
4943,3157810
4944,3048974
4945,3120641
4946,3021835
4947,3458598
4948,3217291
4949,3052594
4950,3142789
4951,3005029
4952,3402762
4953,3229908
4954,3133419
4955,3042740
4956,3016967
4957,3125709
4958,3617150
4959,3105564
4960,3027614
4961,3110519
4962,3050607
4963,3585299
4964,3162385
4965,3022534
4966,3128626
4967,3032843
4968,3513708
4969,3254078
4970,3193732
4971,3076460
4972,3062088
4973,3459050
4974,3223084
4975,3228291
4976,3016730
4977,3001193
4978,3343745
4979,3314882
4980,3045104
4981,3026886
4982,3004147
4983,3066798
4984,3480928
4985,3153380
4986,3016920
4987,3122134
4988,3015800
4989,3558861
4990,3307374
4991,3066528
4992,3047729
4993,3042704
4994,3461334
4995,3234714
4996,3156747
4997,3007423
4998,2999027
4999,3212869
